id,date,time,t0,t0_absolute,order_of_test,time_start_battery,order_in_test,color,text,response,reaction_time,correct,congruent,stimuli_combination
SI_264,2016-03-30,05:27:12,,,3,263729,1,green,green,green,3202,1,1,
SI_264,2016-03-30,05:27:15,,,3,265078,2,yellow,yellow,yellow,1348,1,1,1
SI_264,2016-03-30,05:27:16,,,3,266361,3,blue,green,blue,1281,1,0,2
SI_264,2016-03-30,05:27:17,,,3,267261,4,red,red,red,898,1,1,3
SI_264,2016-03-30,05:27:18,,,3,268168,5,green,green,green,905,1,1,1
SI_264,2016-03-30,05:27:19,,,3,269382,6,yellow,red,yellow,1212,1,0,2
SI_264,2016-03-30,05:27:20,,,3,270474,7,green,green,green,1091,1,1,3
SI_264,2016-03-30,05:27:22,,,3,271508,8,red,red,red,1033,1,1,1
SI_264,2016-03-30,05:27:23,,,3,272686,9,green,blue,green,1176,1,0,2
SI_264,2016-03-30,05:27:24,,,3,273714,10,yellow,yellow,yellow,1026,1,1,3
SI_264,2016-03-30,05:27:25,,,3,274681,11,blue,blue,blue,966,1,1,1
SI_264,2016-03-30,05:27:26,,,3,275461,12,green,yellow,green,779,1,0,2
SI_264,2016-03-30,05:27:27,,,3,276458,13,blue,green,blue,996,1,0,4
SI_264,2016-03-30,05:27:28,,,3,277499,14,yellow,red,yellow,1040,1,0,4
SI_264,2016-03-30,05:27:29,,,3,278352,15,blue,blue,blue,852,1,1,3
SI_264,2016-03-30,05:27:29,,,3,279433,16,green,yellow,green,1080,1,0,2
SI_264,2016-03-30,05:27:31,,,3,280250,17,red,red,red,816,1,1,3
SI_264,2016-03-30,05:27:31,,,3,281267,18,yellow,yellow,yellow,1016,1,1,1
SI_264,2016-03-30,05:27:32,,,3,282201,19,blue,green,blue,932,1,0,2
SI_264,2016-03-30,05:27:33,,,3,283235,20,yellow,yellow,yellow,1033,1,1,3
SI_264,2016-03-30,05:27:34,,,3,284023,21,blue,blue,blue,785,1,1,1
SI_264,2016-03-30,05:27:35,,,3,285117,22,yellow,red,yellow,1089,1,0,2
SI_264,2016-03-30,05:27:36,,,3,286287,23,blue,green,blue,1169,1,0,4
SI_264,2016-03-30,05:27:37,,,3,287221,24,red,red,red,933,1,1,3
SI_264,2016-03-30,05:27:38,,,3,288139,25,green,green,green,917,1,1,1
SI_264,2016-03-30,05:27:39,,,3,289909,26,red,blue,red,1768,1,0,2
SI_264,2016-03-30,05:27:41,,,3,291214,27,yellow,yellow,yellow,1304,1,1,3
SI_264,2016-03-30,05:27:42,,,3,292106,28,blue,green,blue,889,1,0,2
SI_264,2016-03-30,05:27:43,,,3,293154,29,red,blue,red,1047,1,0,4
SI_264,2016-03-30,05:27:44,,,3,293997,30,green,green,green,843,1,1,3
SI_264,2016-03-30,05:27:45,,,3,294922,31,yellow,yellow,yellow,925,1,1,1
SI_264,2016-03-30,05:27:46,,,3,295956,32,blue,green,blue,1031,1,0,2
SI_264,2016-03-30,05:27:47,,,3,296789,33,red,red,red,832,1,1,3
SI_264,2016-03-30,05:27:48,,,3,297756,34,green,green,green,966,1,1,1
SI_264,2016-03-30,05:27:49,,,3,299124,35,yellow,blue,yellow,1367,1,0,2
SI_264,2016-03-30,05:27:50,,,3,300277,36,red,red,red,1152,1,1,3
SI_264,2016-03-30,05:27:51,,,3,301215,37,blue,blue,blue,936,1,1,1
SI_264,2016-03-30,05:27:52,,,3,302420,38,yellow,green,yellow,1204,1,0,2
SI_264,2016-03-30,05:27:54,,,3,303341,39,blue,yellow,blue,919,1,0,4
SI_264,2016-03-30,05:27:54,,,3,304751,40,yellow,green,yellow,1408,1,0,4
SI_264,2016-03-30,05:27:56,,,3,305663,41,red,red,red,911,1,1,3
SI_264,2016-03-30,05:27:57,,,3,306698,42,yellow,yellow,yellow,1034,1,1,1
SI_264,2016-03-30,05:27:58,,,3,308117,43,blue,green,blue,1418,1,0,2
SI_264,2016-03-30,05:27:59,,,3,309014,44,yellow,yellow,yellow,896,1,1,3
SI_264,2016-03-30,05:28:00,,,3,309899,45,blue,blue,blue,884,1,1,1
SI_264,2016-03-30,05:28:01,,,3,310777,46,yellow,green,yellow,877,1,0,2
SI_264,2016-03-30,05:28:02,,,3,311714,47,red,red,red,936,1,1,3
SI_264,2016-03-30,05:28:03,,,3,312584,48,blue,blue,blue,869,1,1,1
SI_264,2016-03-30,05:28:04,,,3,313736,49,yellow,red,yellow,1151,1,0,2
SI_264,2016-03-30,05:28:05,,,3,314819,50,blue,blue,blue,1082,1,1,3
SI_264,2016-03-30,05:28:06,,,3,315884,51,green,green,green,1064,1,1,1
SI_264,2016-03-30,05:28:07,,,3,316986,52,blue,yellow,blue,1100,1,0,2
SI_264,2016-03-30,05:28:08,,,3,318137,53,yellow,red,yellow,1150,1,0,4
SI_264,2016-03-30,05:28:09,,,3,319649,54,green,green,green,1511,1,1,3
SI_264,2016-03-30,05:28:11,,,3,320521,55,red,red,red,870,1,1,1
SI_264,2016-03-30,05:28:12,,,3,321988,56,blue,green,blue,1466,1,0,2
SI_264,2016-03-30,05:28:13,,,3,322872,57,red,blue,red,883,1,0,4
SI_264,2016-03-30,05:28:14,,,3,323904,58,green,yellow,green,1031,1,0,4
SI_264,2016-03-30,05:28:15,,,3,325623,59,blue,red,blue,1718,1,0,4
SI_264,2016-03-30,05:28:17,,,3,326702,60,green,green,green,1078,1,1,3
SI_264,2016-03-30,05:28:18,,,3,327520,61,blue,blue,blue,817,1,1,1
SI_264,2016-03-30,05:28:19,,,3,328915,62,green,yellow,green,1394,1,0,2
SI_264,2016-03-30,05:28:20,,,3,329775,63,red,red,red,858,1,1,3
SI_264,2016-03-30,05:28:21,,,3,331225,64,green,yellow,green,1449,1,0,2
SI_264,2016-03-30,05:28:22,,,3,332194,65,red,red,red,968,1,1,3
SI_264,2016-03-30,05:28:23,,,3,333043,66,blue,blue,blue,848,1,1,1
SI_264,2016-03-30,05:28:24,,,3,334596,67,red,yellow,red,1552,1,0,2
SI_264,2016-03-30,05:28:26,,,3,336309,68,yellow,blue,yellow,1712,1,0,4
SI_264,2016-03-30,05:28:27,,,3,337759,69,blue,green,blue,1449,1,0,4
SI_264,2016-03-30,05:28:29,,,3,338846,70,red,red,red,1086,1,1,3
SI_264,2016-03-30,05:28:30,,,3,340769,71,yellow,yellow,yellow,1922,1,1,1
SI_264,2016-03-30,05:28:32,,,3,342365,72,blue,red,blue,1595,1,0,2
SI_264,2016-03-30,05:28:33,,,3,343493,73,green,green,green,1128,1,1,3
SI_264,2016-03-30,05:28:35,,,3,344722,74,blue,blue,blue,1228,1,1,1
SI_264,2016-03-30,05:28:36,,,3,345887,75,yellow,red,yellow,1164,1,0,2
SI_264,2016-03-30,05:28:37,,,3,346800,76,red,blue,red,912,1,0,4
SI_264,2016-03-30,05:28:38,,,3,348255,77,yellow,yellow,yellow,1454,1,1,3
SI_264,2016-03-30,05:28:39,,,3,349702,78,red,red,red,1446,1,1,1
SI_264,2016-03-30,05:28:41,,,3,350720,79,blue,green,blue,1017,1,0,2
SI_264,2016-03-30,05:28:42,,,3,351736,80,red,yellow,red,1016,1,0,4
SI_264,2016-03-30,05:28:43,,,3,352618,81,blue,blue,blue,881,1,1,3
SI_264,2016-03-30,05:28:44,,,3,353371,82,red,red,red,752,1,1,1
SI_264,2016-03-30,05:28:44,,,3,354207,83,green,blue,green,835,1,0,2
SI_264,2016-03-30,05:28:45,,,3,355163,84,yellow,red,yellow,955,1,0,4
SI_264,2016-03-30,05:28:46,,,3,356156,85,red,yellow,red,992,1,0,4
SI_264,2016-03-30,05:28:47,,,3,357226,86,green,green,green,1069,1,1,3
SI_264,2016-03-30,05:28:48,,,3,358507,87,yellow,red,yellow,1280,1,0,2
SI_264,2016-03-30,05:28:50,,,3,359450,88,blue,yellow,blue,943,1,0,4
SI_264,2016-03-30,05:28:51,,,3,360752,89,red,red,red,1300,1,1,3
SI_264,2016-03-30,05:28:52,,,3,362782,90,yellow,green,yellow,2029,1,0,2
SI_264,2016-03-30,05:28:54,,,3,363976,91,red,blue,red,1192,1,0,4
SI_264,2016-03-30,05:28:55,,,3,364924,92,green,green,green,947,1,1,3
SI_264,2016-03-30,05:28:56,,,3,366143,93,yellow,yellow,yellow,1219,1,1,1
SI_264,2016-03-30,05:28:57,,,3,367549,94,blue,red,blue,1404,1,0,2
SI_264,2016-03-30,05:28:59,,,3,368727,95,green,yellow,green,1177,1,0,4
SI_264,2016-03-30,05:29:00,,,3,370296,96,red,red,red,1568,1,1,3
SI_264,2016-03-30,05:29:01,,,3,371863,97,blue,blue,blue,1566,1,1,1
SI_264,2016-03-30,05:29:03,,,3,373072,98,green,yellow,green,1208,1,0,2
SI_264,2016-03-30,05:29:04,,,3,374779,99,blue,red,blue,1706,1,0,4
SI_264,2016-03-30,05:29:06,,,3,376469,100,red,blue,red,1689,1,0,4
SI_264,2016-03-30,05:29:08,,,3,377971,101,yellow,yellow,yellow,1500,1,1,3
SI_264,2016-03-30,05:29:09,,,3,379323,102,red,red,red,1350,1,1,1
SI_264,2016-03-30,05:29:10,,,3,380531,103,green,blue,,1206,0,0,2
