id,date,time,t0,order_of_test,time_start_battery,order_in_test,color,text,response,reaction_time,correct,congruent,stimuli_combination
SI_221,2015-12-04,17:39:27,1449247167141,4,398272,1,red,yellow,red,1197,1,0,
SI_221,2015-12-04,17:39:28,1449247167141,4,399119,2,blue,blue,blue,846,1,1,3
SI_221,2015-12-04,17:39:29,1449247167141,4,399984,3,red,red,red,862,1,1,1
SI_221,2015-12-04,17:39:30,1449247167141,4,400859,4,green,blue,green,874,1,0,2
SI_221,2015-12-04,17:39:30,1449247167141,4,402076,5,yellow,red,yellow,1216,1,0,4
SI_221,2015-12-04,17:39:32,1449247167141,4,403062,6,green,green,green,986,1,1,3
SI_221,2015-12-04,17:39:33,1449247167141,4,403804,7,red,red,red,741,1,1,1
SI_221,2015-12-04,17:39:33,1449247167141,4,404663,8,blue,green,blue,856,1,0,2
SI_221,2015-12-04,17:39:34,1449247167141,4,405465,9,yellow,yellow,yellow,801,1,1,3
SI_221,2015-12-04,17:39:35,1449247167141,4,406261,10,green,green,green,795,1,1,1
SI_221,2015-12-04,17:39:36,1449247167141,4,407566,11,yellow,red,yellow,1304,1,0,2
SI_221,2015-12-04,17:39:37,1449247167141,4,408498,12,green,green,green,931,1,1,3
SI_221,2015-12-04,17:39:38,1449247167141,4,409567,13,yellow,yellow,yellow,1068,1,1,1
SI_221,2015-12-04,17:39:39,1449247167141,4,410389,14,blue,green,blue,821,1,0,2
SI_221,2015-12-04,17:39:40,1449247167141,4,411514,15,green,yellow,green,1123,1,0,4
SI_221,2015-12-04,17:39:41,1449247167141,4,412651,16,blue,blue,blue,1136,1,1,3
SI_221,2015-12-04,17:39:42,1449247167141,4,413799,17,yellow,red,yellow,1147,1,0,2
SI_221,2015-12-04,17:39:43,1449247167141,4,415283,18,red,blue,red,1481,1,0,4
SI_221,2015-12-04,17:39:45,1449247167141,4,416367,19,yellow,yellow,yellow,1083,1,1,3
SI_221,2015-12-04,17:39:46,1449247167141,4,417355,20,red,blue,red,987,1,0,2
SI_221,2015-12-04,17:39:47,1449247167141,4,418270,21,blue,yellow,blue,914,1,0,4
SI_221,2015-12-04,17:39:48,1449247167141,4,419303,22,yellow,blue,yellow,1032,1,0,4
SI_221,2015-12-04,17:39:49,1449247167141,4,420353,23,blue,yellow,blue,1049,1,0,4
SI_221,2015-12-04,17:39:50,1449247167141,4,421288,24,red,red,red,934,1,1,3
SI_221,2015-12-04,17:39:51,1449247167141,4,422203,25,green,green,green,914,1,1,1
SI_221,2015-12-04,17:39:52,1449247167141,4,423419,26,red,blue,red,1214,1,0,2
SI_221,2015-12-04,17:39:53,1449247167141,4,424438,27,yellow,yellow,yellow,1018,1,1,3
SI_221,2015-12-04,17:39:54,1449247167141,4,425316,28,green,blue,green,877,1,0,2
SI_221,2015-12-04,17:39:55,1449247167141,4,426309,29,blue,yellow,blue,992,1,0,4
SI_221,2015-12-04,17:39:56,1449247167141,4,427449,30,green,green,green,1139,1,1,3
SI_221,2015-12-04,17:39:57,1449247167141,4,428360,31,blue,blue,blue,910,1,1,1
SI_221,2015-12-04,17:39:58,1449247167141,4,429241,32,yellow,green,yellow,880,1,0,2
SI_221,2015-12-04,17:39:59,1449247167141,4,429990,33,red,red,red,749,1,1,3
SI_221,2015-12-04,17:40:00,1449247167141,4,431044,34,blue,blue,blue,1053,1,1,1
SI_221,2015-12-04,17:40:01,1449247167141,4,432240,35,yellow,green,yellow,1195,1,0,2
SI_221,2015-12-04,17:40:02,1449247167141,4,433150,36,blue,blue,blue,909,1,1,3
SI_221,2015-12-04,17:40:03,1449247167141,4,433922,37,green,green,green,769,1,1,1
SI_221,2015-12-04,17:40:03,1449247167141,4,435712,38,blue,yellow,blue,1788,1,0,2
SI_221,2015-12-04,17:40:05,1449247167141,4,436648,39,green,green,green,935,1,1,3
SI_221,2015-12-04,17:40:06,1449247167141,4,437525,40,red,yellow,red,876,1,0,2
SI_221,2015-12-04,17:40:07,1449247167141,4,438579,41,blue,blue,blue,1053,1,1,3
SI_221,2015-12-04,17:40:08,1449247167141,4,439332,42,yellow,red,yellow,753,1,0,2
SI_221,2015-12-04,17:40:09,1449247167141,4,440178,43,green,green,green,845,1,1,3
SI_221,2015-12-04,17:40:10,1449247167141,4,441033,44,red,red,red,854,1,1,1
SI_221,2015-12-04,17:40:11,1449247167141,4,442282,45,yellow,blue,yellow,1248,1,0,2
SI_221,2015-12-04,17:40:12,1449247167141,4,443171,46,green,green,green,888,1,1,3
SI_221,2015-12-04,17:40:13,1449247167141,4,444229,47,red,yellow,red,1057,1,0,2
SI_221,2015-12-04,17:40:14,1449247167141,4,445291,48,green,green,green,1061,1,1,3
SI_221,2015-12-04,17:40:15,1449247167141,4,447084,49,red,red,red,1793,1,1,1
SI_221,2015-12-04,17:40:17,1449247167141,4,448018,50,yellow,blue,yellow,933,1,0,2
SI_221,2015-12-04,17:40:18,1449247167141,4,449015,51,green,yellow,green,996,1,0,4
SI_221,2015-12-04,17:40:19,1449247167141,4,450460,52,yellow,red,red,1444,0,0,4
SI_221,2015-12-04,17:40:20,1449247167141,4,452138,53,blue,green,blue,1677,1,0,4
SI_221,2015-12-04,17:40:22,1449247167141,4,453525,54,red,yellow,red,1386,1,0,4
SI_221,2015-12-04,17:40:23,1449247167141,4,454453,55,green,green,green,927,1,1,3
SI_221,2015-12-04,17:40:24,1449247167141,4,455604,56,blue,yellow,blue,1149,1,0,2
SI_221,2015-12-04,17:40:25,1449247167141,4,456754,57,red,blue,red,1150,1,0,4
SI_221,2015-12-04,17:40:26,1449247167141,4,458375,58,blue,yellow,blue,1620,1,0,4
SI_221,2015-12-04,17:40:28,1449247167141,4,459510,59,green,green,green,1134,1,1,3
SI_221,2015-12-04,17:40:29,1449247167141,4,461521,60,blue,yellow,blue,2010,1,0,2
SI_221,2015-12-04,17:40:31,1449247167141,4,462980,61,green,green,green,1458,1,1,3
SI_221,2015-12-04,17:40:33,1449247167141,4,464617,62,blue,blue,blue,1637,1,1,1
SI_221,2015-12-04,17:40:34,1449247167141,4,465971,63,green,yellow,green,1353,1,0,2
SI_221,2015-12-04,17:40:36,1449247167141,4,466895,64,blue,blue,blue,923,1,1,3
SI_221,2015-12-04,17:40:36,1449247167141,4,467877,65,yellow,yellow,yellow,981,1,1,1
SI_221,2015-12-04,17:40:37,1449247167141,4,468994,66,red,blue,red,1116,1,0,2
SI_221,2015-12-04,17:40:39,1449247167141,4,470115,67,blue,yellow,blue,1121,1,0,4
SI_221,2015-12-04,17:40:40,1449247167141,4,471519,68,green,blue,green,1403,1,0,4
SI_221,2015-12-04,17:40:41,1449247167141,4,472679,69,red,red,red,1159,1,1,3
SI_221,2015-12-04,17:40:42,1449247167141,4,473749,70,blue,blue,blue,1069,1,1,1
SI_221,2015-12-04,17:40:43,1449247167141,4,474646,71,yellow,green,yellow,896,1,0,2
SI_221,2015-12-04,17:40:44,1449247167141,4,475683,72,blue,blue,blue,1036,1,1,3
SI_221,2015-12-04,17:40:45,1449247167141,4,476570,73,green,green,green,886,1,1,1
SI_221,2015-12-04,17:40:46,1449247167141,4,477447,74,red,yellow,red,876,1,0,2
SI_221,2015-12-04,17:40:47,1449247167141,4,479139,75,blue,green,blue,1691,1,0,4
SI_221,2015-12-04,17:40:49,1449247167141,4,480148,76,red,red,red,1008,1,1,3
SI_221,2015-12-04,17:40:50,1449247167141,4,481598,77,green,blue,green,1449,1,0,2
SI_221,2015-12-04,17:40:51,1449247167141,4,482349,78,yellow,red,yellow,750,1,0,4
SI_221,2015-12-04,17:40:52,1449247167141,4,483667,79,red,yellow,red,1318,1,0,4
SI_221,2015-12-04,17:40:53,1449247167141,4,484719,80,green,green,green,1051,1,1,3
SI_221,2015-12-04,17:40:54,1449247167141,4,486799,81,yellow,yellow,yellow,2080,1,1,1
SI_221,2015-12-04,17:40:56,1449247167141,4,488215,82,green,blue,green,1415,1,0,2
SI_221,2015-12-04,17:40:58,1449247167141,4,489908,83,yellow,yellow,yellow,1692,1,1,3
SI_221,2015-12-04,17:40:59,1449247167141,4,490934,84,green,green,green,1026,1,1,1
SI_221,2015-12-04,17:41:01,1449247167141,4,492466,85,blue,yellow,blue,1531,1,0,2
SI_221,2015-12-04,17:41:02,1449247167141,4,493524,86,green,green,green,1057,1,1,3
SI_221,2015-12-04,17:41:03,1449247167141,4,494746,87,yellow,yellow,yellow,1221,1,1,1
SI_221,2015-12-04,17:41:04,1449247167141,4,496827,88,green,blue,green,2080,1,0,2
SI_221,2015-12-04,17:41:06,1449247167141,4,497708,89,red,red,red,881,1,1,3
SI_221,2015-12-04,17:41:07,1449247167141,4,498638,90,green,green,green,929,1,1,1
SI_221,2015-12-04,17:41:08,1449247167141,4,500088,91,blue,red,blue,1449,1,0,2
SI_221,2015-12-04,17:41:10,1449247167141,4,501183,92,green,green,green,1093,1,1,3
SI_221,2015-12-04,17:41:11,1449247167141,4,502168,93,blue,blue,blue,985,1,1,1
SI_221,2015-12-04,17:41:12,1449247167141,4,503111,94,yellow,red,yellow,941,1,0,2
SI_221,2015-12-04,17:41:13,1449247167141,4,504415,95,blue,green,blue,1303,1,0,4
SI_221,2015-12-04,17:41:14,1449247167141,4,505463,96,yellow,yellow,yellow,1047,1,1,3
SI_221,2015-12-04,17:41:15,1449247167141,4,506414,97,green,green,green,950,1,1,1
SI_221,2015-12-04,17:41:16,1449247167141,4,507514,98,red,yellow,red,1099,1,0,2
SI_221,2015-12-04,17:41:17,1449247167141,4,508633,99,blue,blue,blue,1118,1,1,3
SI_221,2015-12-04,17:41:18,1449247167141,4,509703,100,green,green,green,1069,1,1,1
SI_221,2015-12-04,17:41:19,1449247167141,4,511000,101,red,yellow,red,1297,1,0,2
SI_221,2015-12-04,17:41:21,1449247167141,4,511993,102,yellow,blue,yellow,992,1,0,4
SI_221,2015-12-04,17:41:22,1449247167141,4,512917,103,blue,red,blue,923,1,0,4
SI_221,2015-12-04,17:41:22,1449247167141,4,514051,104,green,green,green,1133,1,1,3
SI_221,2015-12-04,17:41:24,1449247167141,4,515150,105,yellow,yellow,yellow,1099,1,1,1
SI_221,2015-12-04,17:41:25,1449247167141,4,516521,106,blue,green,blue,1370,1,0,2
SI_221,2015-12-04,17:41:26,1449247167141,4,517080,107,red,red,,559,0,1,3
