id,date,time,t0,t0_absolute,order_of_test,time_start_battery,order_in_test,color,text,response,reaction_time,correct,congruent,stimuli_combination
SI_268,2016-03-14,11:35:43,,,1,6640,1,blue,yellow,blue,960,1,0,
SI_268,2016-03-14,11:35:44,,,1,7362,2,green,green,green,720,1,1,3
SI_268,2016-03-14,11:35:45,,,1,7999,3,blue,blue,blue,636,1,1,1
SI_268,2016-03-14,11:35:45,,,1,8800,4,green,yellow,green,799,1,0,2
SI_268,2016-03-14,11:35:46,,,1,9599,5,blue,green,blue,798,1,0,4
SI_268,2016-03-14,11:35:47,,,1,10400,6,red,blue,red,799,1,0,4
SI_268,2016-03-14,11:35:48,,,1,11414,7,blue,green,blue,1007,1,0,4
SI_268,2016-03-14,11:35:49,,,1,12699,8,red,red,red,1284,1,1,3
SI_268,2016-03-14,11:35:50,,,1,13548,9,yellow,blue,yellow,848,1,0,2
SI_268,2016-03-14,11:35:51,,,1,14479,10,red,red,red,930,1,1,3
SI_268,2016-03-14,11:35:52,,,1,15216,11,blue,blue,blue,736,1,1,1
SI_268,2016-03-14,11:35:53,,,1,16331,12,yellow,red,yellow,1114,1,0,2
SI_268,2016-03-14,11:35:54,,,1,17139,13,blue,blue,blue,807,1,1,3
SI_268,2016-03-14,11:35:55,,,1,17835,14,green,green,green,695,1,1,1
SI_268,2016-03-14,11:35:55,,,1,18764,15,red,blue,red,928,1,0,2
SI_268,2016-03-14,11:35:56,,,1,19621,16,yellow,red,yellow,855,1,0,4
SI_268,2016-03-14,11:35:57,,,1,20392,17,green,green,green,770,1,1,3
SI_268,2016-03-14,11:35:58,,,1,21093,18,blue,yellow,blue,699,1,0,2
SI_268,2016-03-14,11:35:59,,,1,21964,19,red,blue,red,870,1,0,4
SI_268,2016-03-14,11:35:59,,,1,22772,20,yellow,yellow,yellow,806,1,1,3
SI_268,2016-03-14,11:36:00,,,1,24372,21,red,red,red,1598,1,1,1
SI_268,2016-03-14,11:36:02,,,1,25290,22,green,yellow,green,917,1,0,2
SI_268,2016-03-14,11:36:03,,,1,26090,23,red,red,red,799,1,1,3
SI_268,2016-03-14,11:36:04,,,1,27003,24,yellow,blue,yellow,911,1,0,2
SI_268,2016-03-14,11:36:04,,,1,28073,25,red,red,red,1066,1,1,3
SI_268,2016-03-14,11:36:05,,,1,28919,26,blue,yellow,blue,844,1,0,2
SI_268,2016-03-14,11:36:06,,,1,29842,27,green,blue,yellow,922,0,0,4
SI_268,2016-03-14,11:36:07,,,1,30956,28,red,red,red,1112,1,1,3
SI_268,2016-03-14,11:36:08,,,1,31927,29,green,green,green,970,1,1,1
SI_268,2016-03-14,11:36:09,,,1,32877,30,yellow,blue,blue,947,0,0,2
SI_268,2016-03-14,11:36:10,,,1,34643,31,red,yellow,red,1765,1,0,4
SI_268,2016-03-14,11:36:12,,,1,35460,32,blue,blue,blue,815,1,1,3
SI_268,2016-03-14,11:36:13,,,1,36292,33,yellow,red,yellow,830,1,0,2
SI_268,2016-03-14,11:36:14,,,1,37008,34,blue,blue,blue,715,1,1,3
SI_268,2016-03-14,11:36:14,,,1,37866,35,yellow,yellow,yellow,857,1,1,1
SI_268,2016-03-14,11:36:15,,,1,39363,36,red,blue,red,1492,1,0,2
SI_268,2016-03-14,11:36:17,,,1,40131,37,blue,green,blue,767,1,0,4
SI_268,2016-03-14,11:36:18,,,1,40967,38,red,yellow,red,833,1,0,4
SI_268,2016-03-14,11:36:18,,,1,41782,39,blue,blue,blue,814,1,1,3
SI_268,2016-03-14,11:36:19,,,1,42593,40,green,green,green,806,1,1,1
SI_268,2016-03-14,11:36:20,,,1,43558,41,red,blue,red,963,1,0,2
SI_268,2016-03-14,11:36:21,,,1,44281,42,blue,green,blue,722,1,0,4
SI_268,2016-03-14,11:36:22,,,1,45117,43,yellow,yellow,yellow,834,1,1,3
SI_268,2016-03-14,11:36:23,,,1,45857,44,blue,blue,blue,739,1,1,1
SI_268,2016-03-14,11:36:23,,,1,46831,45,yellow,red,yellow,972,1,0,2
SI_268,2016-03-14,11:36:24,,,1,47662,46,green,blue,green,830,1,0,4
SI_268,2016-03-14,11:36:25,,,1,48637,47,blue,red,blue,974,1,0,4
SI_268,2016-03-14,11:36:26,,,1,49547,48,green,green,green,909,1,1,3
SI_268,2016-03-14,11:36:27,,,1,50251,49,blue,blue,blue,703,1,1,1
SI_268,2016-03-14,11:36:28,,,1,51088,50,yellow,red,yellow,836,1,0,2
SI_268,2016-03-14,11:36:29,,,1,51825,51,blue,yellow,blue,736,1,0,4
SI_268,2016-03-14,11:36:29,,,1,52592,52,green,green,green,766,1,1,3
SI_268,2016-03-14,11:36:30,,,1,53638,53,yellow,blue,yellow,1045,1,0,2
SI_268,2016-03-14,11:36:31,,,1,54414,54,red,red,red,775,1,1,3
SI_268,2016-03-14,11:36:32,,,1,55219,55,green,green,green,804,1,1,1
SI_268,2016-03-14,11:36:33,,,1,55921,56,blue,red,blue,702,1,0,2
SI_268,2016-03-14,11:36:33,,,1,56839,57,yellow,blue,yellow,917,1,0,4
SI_268,2016-03-14,11:36:34,,,1,57557,58,blue,green,blue,717,1,0,4
SI_268,2016-03-14,11:36:35,,,1,58516,59,red,yellow,red,959,1,0,4
SI_268,2016-03-14,11:36:36,,,1,59264,60,green,green,green,746,1,1,3
SI_268,2016-03-14,11:36:37,,,1,60823,61,yellow,red,yellow,1558,1,0,2
SI_268,2016-03-14,11:36:38,,,1,61607,62,blue,green,blue,783,1,0,4
SI_268,2016-03-14,11:36:39,,,1,62574,63,yellow,blue,yellow,966,1,0,4
SI_268,2016-03-14,11:36:40,,,1,63374,64,blue,green,blue,798,1,0,4
SI_268,2016-03-14,11:36:41,,,1,64242,65,red,blue,red,867,1,0,4
SI_268,2016-03-14,11:36:42,,,1,65230,66,yellow,yellow,yellow,987,1,1,3
SI_268,2016-03-14,11:36:43,,,1,65907,67,green,green,green,676,1,1,1
SI_268,2016-03-14,11:36:43,,,1,66792,68,yellow,red,yellow,885,1,0,2
SI_268,2016-03-14,11:36:44,,,1,68310,69,green,green,green,1517,1,1,3
SI_268,2016-03-14,11:36:46,,,1,69065,70,blue,blue,blue,754,1,1,1
SI_268,2016-03-14,11:36:46,,,1,69843,71,red,yellow,yellow,777,0,0,2
SI_268,2016-03-14,11:36:47,,,1,70594,72,blue,blue,blue,750,1,1,3
SI_268,2016-03-14,11:36:48,,,1,71334,73,green,green,green,739,1,1,1
SI_268,2016-03-14,11:36:49,,,1,72113,74,blue,yellow,blue,778,1,0,2
SI_268,2016-03-14,11:36:50,,,1,73082,75,yellow,green,yellow,969,1,0,4
SI_268,2016-03-14,11:36:51,,,1,74461,76,red,red,red,1378,1,1,3
SI_268,2016-03-14,11:36:52,,,1,75235,77,blue,blue,blue,773,1,1,1
SI_268,2016-03-14,11:36:53,,,1,76378,78,green,yellow,green,1142,1,0,2
SI_268,2016-03-14,11:36:54,,,1,77963,79,yellow,blue,yellow,1585,1,0,4
SI_268,2016-03-14,11:36:55,,,1,78715,80,red,red,red,751,1,1,3
SI_268,2016-03-14,11:36:56,,,1,79668,81,yellow,yellow,yellow,952,1,1,1
SI_268,2016-03-14,11:36:57,,,1,80398,82,blue,red,blue,730,1,0,2
SI_268,2016-03-14,11:36:58,,,1,81532,83,green,yellow,green,1134,1,0,4
SI_268,2016-03-14,11:36:59,,,1,82332,84,blue,blue,blue,799,1,1,3
SI_268,2016-03-14,11:37:00,,,1,83290,85,green,green,green,957,1,1,1
SI_268,2016-03-14,11:37:01,,,1,84367,86,yellow,blue,yellow,1076,1,0,2
SI_268,2016-03-14,11:37:02,,,1,85317,87,red,yellow,red,950,1,0,4
SI_268,2016-03-14,11:37:03,,,1,86133,88,green,green,green,815,1,1,3
SI_268,2016-03-14,11:37:04,,,1,86970,89,red,red,red,836,1,1,1
SI_268,2016-03-14,11:37:04,,,1,87685,90,blue,yellow,blue,714,1,0,2
SI_268,2016-03-14,11:37:05,,,1,88544,91,green,green,green,859,1,1,3
SI_268,2016-03-14,11:37:06,,,1,89636,92,red,red,red,1090,1,1,1
SI_268,2016-03-14,11:37:07,,,1,90653,93,yellow,blue,yellow,1016,1,0,2
SI_268,2016-03-14,11:37:08,,,1,91393,94,green,green,green,740,1,1,3
SI_268,2016-03-14,11:37:09,,,1,92082,95,blue,blue,blue,688,1,1,1
SI_268,2016-03-14,11:37:10,,,1,92925,96,red,yellow,red,842,1,0,2
SI_268,2016-03-14,11:37:10,,,1,93638,97,blue,blue,blue,712,1,1,3
SI_268,2016-03-14,11:37:11,,,1,94673,98,red,yellow,red,1034,1,0,2
SI_268,2016-03-14,11:37:12,,,1,95399,99,green,green,green,725,1,1,3
SI_268,2016-03-14,11:37:13,,,1,96122,100,blue,red,blue,722,1,0,2
SI_268,2016-03-14,11:37:14,,,1,97064,101,green,blue,yellow,941,0,0,4
SI_268,2016-03-14,11:37:14,,,1,97938,102,red,red,red,873,1,1,3
SI_268,2016-03-14,11:37:15,,,1,98816,103,green,blue,green,877,1,0,2
SI_268,2016-03-14,11:37:16,,,1,99934,104,yellow,yellow,yellow,1117,1,1,3
SI_268,2016-03-14,11:37:17,,,1,100810,105,blue,blue,blue,876,1,1,1
SI_268,2016-03-14,11:37:18,,,1,101958,106,green,yellow,green,1147,1,0,2
SI_268,2016-03-14,11:37:19,,,1,103201,107,yellow,green,yellow,1242,1,0,4
SI_268,2016-03-14,11:37:21,,,1,104045,108,red,yellow,red,843,1,0,4
SI_268,2016-03-14,11:37:21,,,1,104818,109,blue,blue,blue,772,1,1,3
SI_268,2016-03-14,11:37:22,,,1,105613,110,green,yellow,green,794,1,0,2
SI_268,2016-03-14,11:37:23,,,1,106679,111,yellow,red,yellow,1065,1,0,4
SI_268,2016-03-14,11:37:24,,,1,107447,112,blue,yellow,blue,767,1,0,4
SI_268,2016-03-14,11:37:25,,,1,108319,113,green,green,green,872,1,1,3
SI_268,2016-03-14,11:37:26,,,1,108985,114,blue,red,blue,665,1,0,2
SI_268,2016-03-14,11:37:26,,,1,110057,115,yellow,yellow,yellow,1071,1,1,3
SI_268,2016-03-14,11:37:27,,,1,110916,116,green,green,green,857,1,1,1
SI_268,2016-03-14,11:37:28,,,1,112282,117,yellow,blue,yellow,1366,1,0,2
SI_268,2016-03-14,11:37:30,,,1,113097,118,green,green,green,814,1,1,3
SI_268,2016-03-14,11:37:31,,,1,113799,119,blue,yellow,blue,701,1,0,2
SI_268,2016-03-14,11:37:31,,,1,114606,120,green,green,green,806,1,1,3
SI_268,2016-03-14,11:37:32,,,1,115231,121,blue,blue,blue,624,1,1,1
SI_268,2016-03-14,11:37:33,,,1,116055,122,yellow,red,yellow,823,1,0,2
SI_268,2016-03-14,11:37:33,,,1,116751,123,blue,blue,blue,695,1,1,3
SI_268,2016-03-14,11:37:34,,,1,117641,124,green,yellow,green,889,1,0,2
SI_268,2016-03-14,11:37:35,,,1,118425,125,red,red,red,783,1,1,3
SI_268,2016-03-14,11:37:36,,,1,119452,126,blue,yellow,blue,1026,1,0,2
SI_268,2016-03-14,11:37:37,,,1,120516,127,yellow,red,yellow,1063,1,0,4
SI_268,2016-03-14,11:37:38,,,1,121186,128,green,green,green,669,1,1,3
SI_268,2016-03-14,11:37:39,,,1,122137,129,yellow,yellow,yellow,951,1,1,1
SI_268,2016-03-14,11:37:40,,,1,122890,130,blue,red,blue,752,1,0,2
SI_268,2016-03-14,11:37:40,,,1,123804,131,green,green,green,913,1,1,3
SI_268,2016-03-14,11:37:41,,,1,124808,132,yellow,yellow,yellow,1003,1,1,1
SI_268,2016-03-14,11:37:42,,,1,125504,133,blue,red,blue,695,1,0,2
SI_268,2016-03-14,11:37:43,,,1,126328,134,green,yellow,green,823,1,0,4
SI_268,2016-03-14,11:37:44,,,1,126614,135,blue,blue,,285,0,1,3
