id,date,time,t0,order_of_test,time_start_battery,order_in_test,color,text,response,reaction_time,correct,congruent,stimuli_combination
SI_196,2015-10-26,12:32:39,1445859159965,3,248646,1,green,blue,green,1208,1,0,
SI_196,2015-10-26,12:32:41,1445859159965,3,249469,2,yellow,yellow,yellow,821,1,1,3
SI_196,2015-10-26,12:32:42,1445859159965,3,250384,3,green,blue,green,913,1,0,2
SI_196,2015-10-26,12:32:42,1445859159965,3,251208,4,yellow,yellow,yellow,823,1,1,3
SI_196,2015-10-26,12:32:43,1445859159965,3,252198,5,blue,green,blue,989,1,0,2
SI_196,2015-10-26,12:32:44,1445859159965,3,253043,6,red,yellow,red,843,1,0,4
SI_196,2015-10-26,12:32:45,1445859159965,3,253838,7,green,green,green,794,1,1,3
SI_196,2015-10-26,12:32:46,1445859159965,3,254726,8,red,red,red,887,1,1,1
SI_196,2015-10-26,12:32:47,1445859159965,3,255971,9,yellow,blue,yellow,1243,1,0,2
SI_196,2015-10-26,12:32:48,1445859159965,3,256758,10,red,red,red,786,1,1,3
SI_196,2015-10-26,12:32:49,1445859159965,3,257657,11,blue,blue,blue,898,1,1,1
SI_196,2015-10-26,12:32:50,1445859159965,3,258840,12,red,yellow,red,1182,1,0,2
SI_196,2015-10-26,12:32:51,1445859159965,3,259723,13,green,green,green,881,1,1,3
SI_196,2015-10-26,12:32:52,1445859159965,3,260693,14,blue,red,blue,968,1,0,2
SI_196,2015-10-26,12:32:53,1445859159965,3,261735,15,green,blue,green,1041,1,0,4
SI_196,2015-10-26,12:32:54,1445859159965,3,262505,16,red,red,red,769,1,1,3
SI_196,2015-10-26,12:32:55,1445859159965,3,263390,17,green,green,green,884,1,1,1
SI_196,2015-10-26,12:32:55,1445859159965,3,264379,18,blue,red,blue,987,1,0,2
SI_196,2015-10-26,12:32:56,1445859159965,3,265323,19,green,green,green,941,1,1,3
SI_196,2015-10-26,12:32:57,1445859159965,3,266241,20,red,red,red,917,1,1,1
SI_196,2015-10-26,12:32:58,1445859159965,3,267192,21,yellow,green,yellow,949,1,0,2
SI_196,2015-10-26,12:32:59,1445859159965,3,268063,22,blue,blue,blue,870,1,1,3
SI_196,2015-10-26,12:33:00,1445859159965,3,268905,23,yellow,yellow,yellow,841,1,1,1
SI_196,2015-10-26,12:33:01,1445859159965,3,269797,24,blue,green,blue,891,1,0,2
SI_196,2015-10-26,12:33:02,1445859159965,3,270617,25,yellow,blue,yellow,819,1,0,4
SI_196,2015-10-26,12:33:03,1445859159965,3,271440,26,red,red,red,823,1,1,3
SI_196,2015-10-26,12:33:03,1445859159965,3,272515,27,yellow,blue,yellow,1074,1,0,2
SI_196,2015-10-26,12:33:05,1445859159965,3,273499,28,blue,red,blue,983,1,0,4
SI_196,2015-10-26,12:33:06,1445859159965,3,275322,29,red,blue,red,1822,1,0,4
SI_196,2015-10-26,12:33:07,1445859159965,3,276201,30,blue,red,blue,878,1,0,4
SI_196,2015-10-26,12:33:08,1445859159965,3,277017,31,red,blue,red,815,1,0,4
SI_196,2015-10-26,12:33:09,1445859159965,3,277883,32,green,green,green,865,1,1,3
SI_196,2015-10-26,12:33:10,1445859159965,3,278747,33,red,blue,red,863,1,0,2
SI_196,2015-10-26,12:33:11,1445859159965,3,279552,34,yellow,yellow,yellow,803,1,1,3
SI_196,2015-10-26,12:33:12,1445859159965,3,280634,35,green,green,blue,1081,0,1,1
SI_196,2015-10-26,12:33:13,1445859159965,3,283221,36,yellow,blue,yellow,2585,1,0,2
SI_196,2015-10-26,12:33:15,1445859159965,3,284252,37,blue,red,blue,1029,1,0,4
SI_196,2015-10-26,12:33:16,1445859159965,3,285112,38,green,green,green,859,1,1,3
SI_196,2015-10-26,12:33:17,1445859159965,3,286988,39,yellow,blue,yellow,1875,1,0,2
SI_196,2015-10-26,12:33:19,1445859159965,3,287916,40,blue,yellow,blue,927,1,0,4
SI_196,2015-10-26,12:33:20,1445859159965,3,288585,41,green,green,green,667,1,1,3
SI_196,2015-10-26,12:33:21,1445859159965,3,289611,42,red,yellow,red,1025,1,0,2
SI_196,2015-10-26,12:33:22,1445859159965,3,291697,43,yellow,blue,yellow,2084,1,0,4
SI_196,2015-10-26,12:33:24,1445859159965,3,293155,44,green,yellow,green,1457,1,0,4
SI_196,2015-10-26,12:33:25,1445859159965,3,294226,45,blue,red,blue,1070,1,0,4
SI_196,2015-10-26,12:33:26,1445859159965,3,295266,46,green,green,green,1039,1,1,3
SI_196,2015-10-26,12:33:27,1445859159965,3,296192,47,red,blue,red,925,1,0,2
SI_196,2015-10-26,12:33:28,1445859159965,3,297059,48,green,green,green,867,1,1,3
SI_196,2015-10-26,12:33:29,1445859159965,3,298109,49,yellow,red,yellow,1049,1,0,2
SI_196,2015-10-26,12:33:30,1445859159965,3,299194,50,blue,blue,blue,1084,1,1,3
SI_196,2015-10-26,12:33:31,1445859159965,3,300193,51,red,red,red,998,1,1,1
SI_196,2015-10-26,12:33:32,1445859159965,3,301286,52,yellow,blue,yellow,1092,1,0,2
SI_196,2015-10-26,12:33:33,1445859159965,3,302830,53,blue,red,blue,1542,1,0,4
SI_196,2015-10-26,12:33:35,1445859159965,3,303746,54,green,yellow,green,915,1,0,4
SI_196,2015-10-26,12:33:36,1445859159965,3,304763,55,blue,green,blue,1016,1,0,4
SI_196,2015-10-26,12:33:37,1445859159965,3,305714,56,red,red,red,950,1,1,3
SI_196,2015-10-26,12:33:38,1445859159965,3,306846,57,green,yellow,green,1131,1,0,2
SI_196,2015-10-26,12:33:39,1445859159965,3,307980,58,blue,blue,blue,1133,1,1,3
SI_196,2015-10-26,12:33:40,1445859159965,3,308908,59,green,green,green,927,1,1,1
SI_196,2015-10-26,12:33:41,1445859159965,3,310132,60,red,blue,red,1223,1,0,2
SI_196,2015-10-26,12:33:42,1445859159965,3,311187,61,yellow,yellow,yellow,1054,1,1,3
SI_196,2015-10-26,12:33:43,1445859159965,3,312885,62,blue,green,blue,1697,1,0,2
SI_196,2015-10-26,12:33:45,1445859159965,3,314052,63,red,blue,red,1166,1,0,4
SI_196,2015-10-26,12:33:46,1445859159965,3,314919,64,blue,yellow,blue,866,1,0,4
SI_196,2015-10-26,12:33:47,1445859159965,3,315868,65,yellow,green,yellow,948,1,0,4
SI_196,2015-10-26,12:33:48,1445859159965,3,316852,66,blue,blue,blue,983,1,1,3
SI_196,2015-10-26,12:33:49,1445859159965,3,318035,67,green,green,green,1182,1,1,1
SI_196,2015-10-26,12:33:50,1445859159965,3,319085,68,blue,red,blue,1049,1,0,2
SI_196,2015-10-26,12:33:51,1445859159965,3,319969,69,yellow,yellow,yellow,884,1,1,3
SI_196,2015-10-26,12:33:52,1445859159965,3,320819,70,blue,green,blue,850,1,0,2
SI_196,2015-10-26,12:33:53,1445859159965,3,321686,71,red,red,red,866,1,1,3
SI_196,2015-10-26,12:33:54,1445859159965,3,322605,72,green,green,green,918,1,1,1
SI_196,2015-10-26,12:33:55,1445859159965,3,323809,73,blue,red,blue,1204,1,0,2
SI_196,2015-10-26,12:33:56,1445859159965,3,324607,74,yellow,yellow,yellow,797,1,1,3
SI_196,2015-10-26,12:33:57,1445859159965,3,325557,75,blue,blue,blue,950,1,1,1
SI_196,2015-10-26,12:33:58,1445859159965,3,326505,76,yellow,green,yellow,947,1,0,2
SI_196,2015-10-26,12:33:59,1445859159965,3,328210,77,red,blue,red,1704,1,0,4
SI_196,2015-10-26,12:34:00,1445859159965,3,329391,78,yellow,yellow,yellow,1180,1,1,3
SI_196,2015-10-26,12:34:01,1445859159965,3,331311,79,red,blue,red,1919,1,0,2
SI_196,2015-10-26,12:34:03,1445859159965,3,332861,80,blue,green,blue,1549,1,0,4
SI_196,2015-10-26,12:34:05,1445859159965,3,333716,81,yellow,yellow,yellow,854,1,1,3
SI_196,2015-10-26,12:34:06,1445859159965,3,334694,82,red,red,red,976,1,1,1
SI_196,2015-10-26,12:34:07,1445859159965,3,335879,83,blue,green,blue,1184,1,0,2
SI_196,2015-10-26,12:34:08,1445859159965,3,336878,84,green,yellow,green,998,1,0,4
SI_196,2015-10-26,12:34:09,1445859159965,3,338012,85,blue,blue,blue,1134,1,1,3
SI_196,2015-10-26,12:34:10,1445859159965,3,338992,86,green,green,green,979,1,1,1
SI_196,2015-10-26,12:34:11,1445859159965,3,339906,87,blue,red,blue,913,1,0,2
SI_196,2015-10-26,12:34:12,1445859159965,3,340996,88,yellow,green,yellow,1089,1,0,4
SI_196,2015-10-26,12:34:13,1445859159965,3,341832,89,blue,blue,blue,835,1,1,3
SI_196,2015-10-26,12:34:14,1445859159965,3,342730,90,red,yellow,red,897,1,0,2
SI_196,2015-10-26,12:34:15,1445859159965,3,343981,91,yellow,red,yellow,1250,1,0,4
SI_196,2015-10-26,12:34:16,1445859159965,3,344981,92,green,green,green,999,1,1,3
SI_196,2015-10-26,12:34:17,1445859159965,3,345852,93,yellow,yellow,yellow,870,1,1,1
SI_196,2015-10-26,12:34:18,1445859159965,3,346746,94,green,blue,green,893,1,0,2
SI_196,2015-10-26,12:34:19,1445859159965,3,347538,95,yellow,yellow,yellow,791,1,1,3
SI_196,2015-10-26,12:34:20,1445859159965,3,348684,96,red,red,red,1145,1,1,1
SI_196,2015-10-26,12:34:21,1445859159965,3,349456,97,blue,yellow,blue,771,1,0,2
SI_196,2015-10-26,12:34:21,1445859159965,3,350806,98,yellow,red,yellow,1349,1,0,4
SI_196,2015-10-26,12:34:23,1445859159965,3,352561,99,red,yellow,red,1753,1,0,4
SI_196,2015-10-26,12:34:25,1445859159965,3,354439,100,blue,blue,blue,1877,1,1,3
SI_196,2015-10-26,12:34:26,1445859159965,3,355570,101,yellow,red,yellow,1130,1,0,2
SI_196,2015-10-26,12:34:28,1445859159965,3,356400,102,green,green,green,829,1,1,3
SI_196,2015-10-26,12:34:28,1445859159965,3,357556,103,blue,yellow,blue,1155,1,0,2
SI_196,2015-10-26,12:34:30,1445859159965,3,358615,104,green,blue,green,1059,1,0,4
SI_196,2015-10-26,12:34:31,1445859159965,3,359378,105,blue,red,blue,762,1,0,4
SI_196,2015-10-26,12:34:31,1445859159965,3,360094,106,green,green,green,715,1,1,3
SI_196,2015-10-26,12:34:32,1445859159965,3,360757,107,blue,blue,blue,662,1,1,1
SI_196,2015-10-26,12:34:33,1445859159965,3,361612,108,red,yellow,red,854,1,0,2
SI_196,2015-10-26,12:34:34,1445859159965,3,362592,109,yellow,blue,yellow,979,1,0,4
SI_196,2015-10-26,12:34:35,1445859159965,3,363626,110,red,yellow,red,1033,1,0,4
SI_196,2015-10-26,12:34:36,1445859159965,3,364341,111,yellow,green,yellow,714,1,0,4
SI_196,2015-10-26,12:34:36,1445859159965,3,365090,112,red,red,red,748,1,1,3
SI_196,2015-10-26,12:34:37,1445859159965,3,365922,113,green,green,green,831,1,1,1
SI_196,2015-10-26,12:34:38,1445859159965,3,367441,114,yellow,red,,1518,0,0,2
