id,date,time,t0,t0_absolute,order_of_test,time_start_battery,order_in_test,color,text,response,reaction_time,correct,congruent,stimuli_combination
SI_268,2016-03-13,21:52:04,,,3,340024,1,green,green,green,1477,1,1,
SI_268,2016-03-13,21:52:05,,,3,340859,2,blue,blue,blue,834,1,1,1
SI_268,2016-03-13,21:52:06,,,3,341855,3,green,yellow,green,994,1,0,2
SI_268,2016-03-13,21:52:07,,,3,342762,4,yellow,red,yellow,907,1,0,4
SI_268,2016-03-13,21:52:08,,,3,343674,5,red,yellow,red,911,1,0,4
SI_268,2016-03-13,21:52:09,,,3,344588,6,blue,blue,blue,913,1,1,3
SI_268,2016-03-13,21:52:10,,,3,345607,7,yellow,yellow,yellow,1018,1,1,1
SI_268,2016-03-13,21:52:11,,,3,346657,8,red,blue,red,1049,1,0,2
SI_268,2016-03-13,21:52:12,,,3,347616,9,yellow,yellow,yellow,959,1,1,3
SI_268,2016-03-13,21:52:13,,,3,348405,10,green,green,green,786,1,1,1
SI_268,2016-03-13,21:52:14,,,3,349558,11,red,blue,red,1152,1,0,2
SI_268,2016-03-13,21:52:15,,,3,350442,12,blue,yellow,blue,882,1,0,4
SI_268,2016-03-13,21:52:16,,,3,351493,13,red,red,red,1048,1,1,3
SI_268,2016-03-13,21:52:17,,,3,352445,14,green,yellow,green,951,1,0,2
SI_268,2016-03-13,21:52:18,,,3,353306,15,blue,blue,blue,861,1,1,3
SI_268,2016-03-13,21:52:19,,,3,354243,16,green,green,green,934,1,1,1
SI_268,2016-03-13,21:52:20,,,3,355445,17,blue,red,blue,1200,1,0,2
SI_268,2016-03-13,21:52:21,,,3,356302,18,yellow,yellow,yellow,856,1,1,3
SI_268,2016-03-13,21:52:22,,,3,357428,19,green,green,green,1125,1,1,1
SI_268,2016-03-13,21:52:23,,,3,358463,20,red,blue,red,1034,1,0,2
SI_268,2016-03-13,21:52:24,,,3,359198,21,blue,red,blue,733,1,0,4
SI_268,2016-03-13,21:52:25,,,3,360631,22,red,yellow,red,1433,1,0,4
SI_268,2016-03-13,21:52:26,,,3,361411,23,blue,blue,blue,779,1,1,3
SI_268,2016-03-13,21:52:27,,,3,362280,24,green,green,green,868,1,1,1
SI_268,2016-03-13,21:52:28,,,3,363067,25,red,blue,red,786,1,0,2
SI_268,2016-03-13,21:52:29,,,3,364035,26,green,green,green,967,1,1,3
SI_268,2016-03-13,21:52:29,,,3,365010,27,yellow,yellow,yellow,975,1,1,1
SI_268,2016-03-13,21:52:30,,,3,366685,28,red,blue,red,1673,1,0,2
SI_268,2016-03-13,21:52:32,,,3,367737,29,yellow,yellow,yellow,1051,1,1,3
SI_268,2016-03-13,21:52:33,,,3,368785,30,blue,red,blue,1047,1,0,2
SI_268,2016-03-13,21:52:34,,,3,369919,31,yellow,yellow,yellow,1133,1,1,3
SI_268,2016-03-13,21:52:35,,,3,370814,32,blue,blue,blue,894,1,1,1
SI_268,2016-03-13,21:52:36,,,3,371952,33,yellow,red,yellow,1137,1,0,2
SI_268,2016-03-13,21:52:37,,,3,372927,34,green,green,green,975,1,1,3
SI_268,2016-03-13,21:52:38,,,3,373849,35,blue,yellow,blue,921,1,0,2
SI_268,2016-03-13,21:52:39,,,3,374778,36,yellow,blue,yellow,928,1,0,4
SI_268,2016-03-13,21:52:40,,,3,375653,37,red,red,red,875,1,1,3
SI_268,2016-03-13,21:52:41,,,3,376505,38,green,green,green,851,1,1,1
SI_268,2016-03-13,21:52:42,,,3,377449,39,red,blue,red,943,1,0,2
SI_268,2016-03-13,21:52:43,,,3,378238,40,blue,red,blue,788,1,0,4
SI_268,2016-03-13,21:52:44,,,3,379342,41,red,yellow,red,1103,1,0,4
SI_268,2016-03-13,21:52:45,,,3,380191,42,green,green,green,848,1,1,3
SI_268,2016-03-13,21:52:46,,,3,381246,43,blue,red,blue,1054,1,0,2
SI_268,2016-03-13,21:52:47,,,3,382180,44,yellow,blue,yellow,933,1,0,4
SI_268,2016-03-13,21:52:48,,,3,383060,45,blue,red,blue,878,1,0,4
SI_268,2016-03-13,21:52:48,,,3,384028,46,yellow,green,yellow,967,1,0,4
SI_268,2016-03-13,21:52:49,,,3,384845,47,blue,red,blue,816,1,0,4
SI_268,2016-03-13,21:52:50,,,3,385732,48,red,blue,red,886,1,0,4
SI_268,2016-03-13,21:52:51,,,3,386779,49,yellow,green,yellow,1045,1,0,4
SI_268,2016-03-13,21:52:52,,,3,387581,50,blue,blue,blue,801,1,1,3
SI_268,2016-03-13,21:52:53,,,3,388686,51,red,red,red,1104,1,1,1
SI_268,2016-03-13,21:52:54,,,3,389576,52,blue,green,blue,888,1,0,2
SI_268,2016-03-13,21:52:55,,,3,390496,53,yellow,red,yellow,919,1,0,4
SI_268,2016-03-13,21:52:56,,,3,391314,54,blue,yellow,blue,817,1,0,4
SI_268,2016-03-13,21:52:57,,,3,392396,55,yellow,green,yellow,1081,1,0,4
SI_268,2016-03-13,21:52:58,,,3,393230,56,red,red,red,834,1,1,3
SI_268,2016-03-13,21:52:59,,,3,394098,57,yellow,yellow,yellow,868,1,1,1
SI_268,2016-03-13,21:53:00,,,3,394873,58,blue,red,blue,774,1,0,2
SI_268,2016-03-13,21:53:00,,,3,395767,59,green,blue,green,893,1,0,4
SI_268,2016-03-13,21:53:01,,,3,396848,60,red,red,red,1081,1,1,3
SI_268,2016-03-13,21:53:02,,,3,397781,61,yellow,yellow,yellow,932,1,1,1
SI_268,2016-03-13,21:53:03,,,3,398521,62,blue,red,blue,740,1,0,2
SI_268,2016-03-13,21:53:04,,,3,399782,63,red,yellow,red,1260,1,0,4
SI_268,2016-03-13,21:53:05,,,3,400722,64,yellow,blue,yellow,939,1,0,4
SI_268,2016-03-13,21:53:06,,,3,401534,65,blue,yellow,blue,811,1,0,4
SI_268,2016-03-13,21:53:07,,,3,402502,66,yellow,blue,yellow,967,1,0,4
SI_268,2016-03-13,21:53:08,,,3,403483,67,green,green,green,980,1,1,3
SI_268,2016-03-13,21:53:09,,,3,404511,68,yellow,yellow,yellow,1028,1,1,1
SI_268,2016-03-13,21:53:10,,,3,406263,69,green,blue,green,1751,1,0,2
SI_268,2016-03-13,21:53:12,,,3,407456,70,blue,red,blue,1192,1,0,4
SI_268,2016-03-13,21:53:13,,,3,408687,71,green,green,green,1230,1,1,3
SI_268,2016-03-13,21:53:14,,,3,409555,72,yellow,yellow,yellow,868,1,1,1
SI_268,2016-03-13,21:53:15,,,3,410535,73,blue,green,blue,979,1,0,2
SI_268,2016-03-13,21:53:16,,,3,411426,74,yellow,yellow,yellow,890,1,1,3
SI_268,2016-03-13,21:53:17,,,3,412424,75,green,blue,green,997,1,0,2
SI_268,2016-03-13,21:53:18,,,3,413640,76,yellow,red,yellow,1215,1,0,4
SI_268,2016-03-13,21:53:19,,,3,414440,77,blue,yellow,blue,799,1,0,4
SI_268,2016-03-13,21:53:20,,,3,415293,78,green,green,green,852,1,1,3
SI_268,2016-03-13,21:53:21,,,3,416092,79,red,red,red,798,1,1,1
SI_268,2016-03-13,21:53:22,,,3,417043,80,blue,yellow,blue,950,1,0,2
SI_268,2016-03-13,21:53:22,,,3,417957,81,red,blue,red,913,1,0,4
SI_268,2016-03-13,21:53:23,,,3,419043,82,green,green,green,1085,1,1,3
SI_268,2016-03-13,21:53:24,,,3,419781,83,yellow,yellow,yellow,737,1,1,1
SI_268,2016-03-13,21:53:25,,,3,420559,84,blue,green,blue,777,1,0,2
SI_268,2016-03-13,21:53:26,,,3,421711,85,green,yellow,green,1151,1,0,4
SI_268,2016-03-13,21:53:27,,,3,422504,86,blue,blue,blue,792,1,1,3
SI_268,2016-03-13,21:53:28,,,3,423328,87,green,green,green,823,1,1,1
SI_268,2016-03-13,21:53:29,,,3,424248,88,blue,red,blue,919,1,0,2
SI_268,2016-03-13,21:53:30,,,3,425194,89,yellow,green,yellow,945,1,0,4
SI_268,2016-03-13,21:53:31,,,3,425913,90,red,blue,red,718,1,0,4
SI_268,2016-03-13,21:53:31,,,3,426746,91,green,green,green,832,1,1,3
SI_268,2016-03-13,21:53:32,,,3,427689,92,yellow,yellow,yellow,943,1,1,1
SI_268,2016-03-13,21:53:33,,,3,428457,93,red,blue,red,767,1,0,2
SI_268,2016-03-13,21:53:34,,,3,429498,94,yellow,red,yellow,1040,1,0,4
SI_268,2016-03-13,21:53:35,,,3,430264,95,blue,blue,blue,765,1,1,3
SI_268,2016-03-13,21:53:36,,,3,431103,96,green,green,green,838,1,1,1
SI_268,2016-03-13,21:53:37,,,3,432299,97,red,blue,red,1195,1,0,2
SI_268,2016-03-13,21:53:38,,,3,433302,98,green,yellow,green,1002,1,0,4
SI_268,2016-03-13,21:53:39,,,3,434635,99,red,blue,red,1332,1,0,4
SI_268,2016-03-13,21:53:40,,,3,435454,100,yellow,yellow,yellow,818,1,1,3
SI_268,2016-03-13,21:53:41,,,3,436518,101,green,blue,green,1063,1,0,2
SI_268,2016-03-13,21:53:42,,,3,437533,102,yellow,yellow,yellow,1014,1,1,3
SI_268,2016-03-13,21:53:43,,,3,438253,103,blue,red,blue,720,1,0,2
SI_268,2016-03-13,21:53:44,,,3,439239,104,yellow,yellow,yellow,985,1,1,3
SI_268,2016-03-13,21:53:45,,,3,440023,105,blue,blue,blue,782,1,1,1
SI_268,2016-03-13,21:53:45,,,3,440894,106,green,yellow,green,870,1,0,2
SI_268,2016-03-13,21:53:46,,,3,441656,107,blue,blue,blue,761,1,1,3
SI_268,2016-03-13,21:53:47,,,3,442524,108,green,green,green,867,1,1,1
SI_268,2016-03-13,21:53:48,,,3,443404,109,yellow,blue,yellow,878,1,0,2
SI_268,2016-03-13,21:53:49,,,3,444238,110,red,red,red,833,1,1,3
SI_268,2016-03-13,21:53:50,,,3,445145,111,yellow,yellow,yellow,906,1,1,1
SI_268,2016-03-13,21:53:51,,,3,445953,112,blue,red,blue,808,1,0,2
SI_268,2016-03-13,21:53:51,,,3,446792,113,yellow,yellow,yellow,838,1,1,3
SI_268,2016-03-13,21:53:52,,,3,447697,114,green,blue,green,904,1,0,2
SI_268,2016-03-13,21:53:53,,,3,449130,115,yellow,yellow,yellow,1432,1,1,3
SI_268,2016-03-13,21:53:55,,,3,450107,116,green,blue,green,976,1,0,2
SI_268,2016-03-13,21:53:56,,,3,451056,117,yellow,green,yellow,948,1,0,4
SI_268,2016-03-13,21:53:56,,,3,451913,118,red,red,red,857,1,1,3
SI_268,2016-03-13,21:53:57,,,3,452647,119,blue,blue,blue,733,1,1,1
SI_268,2016-03-13,21:53:58,,,3,454175,120,yellow,red,yellow,1527,1,0,2
SI_268,2016-03-13,21:54:00,,,3,454900,121,green,yellow,green,724,1,0,4
SI_268,2016-03-13,21:54:00,,,3,455628,122,red,red,red,727,1,1,3
SI_268,2016-03-13,21:54:01,,,3,456910,123,blue,blue,blue,1280,1,1,1
SI_268,2016-03-13,21:54:02,,,3,457844,124,yellow,green,yellow,934,1,0,2
SI_268,2016-03-13,21:54:03,,,3,458666,125,blue,blue,blue,821,1,1,3
SI_268,2016-03-13,21:54:04,,,3,458912,126,yellow,yellow,,244,0,1,1
