id,date,time,t0,order_of_test,time_start_battery,order_in_test,color,text,response,reaction_time,correct,congruent,stimuli_combination
SI_193,2015-11-01,22:38:58,1446413938302,3,297427,1,yellow,yellow,yellow,1036,1,1,
SI_193,2015-11-01,22:38:59,1446413938302,3,298362,2,blue,green,blue,933,1,0,2
SI_193,2015-11-01,22:39:00,1446413938302,3,299358,3,yellow,red,yellow,996,1,0,4
SI_193,2015-11-01,22:39:01,1446413938302,3,300169,4,green,green,green,809,1,1,3
SI_193,2015-11-01,22:39:02,1446413938302,3,300975,5,blue,blue,blue,804,1,1,1
SI_193,2015-11-01,22:39:02,1446413938302,3,301805,6,red,yellow,red,829,1,0,2
SI_193,2015-11-01,22:39:03,1446413938302,3,302824,7,yellow,green,yellow,1018,1,0,4
SI_193,2015-11-01,22:39:04,1446413938302,3,303604,8,blue,blue,blue,779,1,1,3
SI_193,2015-11-01,22:39:05,1446413938302,3,304323,9,green,green,green,718,1,1,1
SI_193,2015-11-01,22:39:06,1446413938302,3,305075,10,yellow,blue,yellow,750,1,0,2
SI_193,2015-11-01,22:39:06,1446413938302,3,305975,11,red,red,red,899,1,1,3
SI_193,2015-11-01,22:39:07,1446413938302,3,307084,12,blue,blue,blue,1108,1,1,1
SI_193,2015-11-01,22:39:08,1446413938302,3,308671,13,red,yellow,red,1586,1,0,2
SI_193,2015-11-01,22:39:10,1446413938302,3,309646,14,green,blue,green,974,1,0,4
SI_193,2015-11-01,22:39:11,1446413938302,3,310463,15,red,red,red,815,1,1,3
SI_193,2015-11-01,22:39:12,1446413938302,3,311273,16,yellow,blue,yellow,809,1,0,2
SI_193,2015-11-01,22:39:13,1446413938302,3,312077,17,blue,green,blue,803,1,0,4
SI_193,2015-11-01,22:39:13,1446413938302,3,312932,18,red,blue,red,854,1,0,4
SI_193,2015-11-01,22:39:14,1446413938302,3,314128,19,blue,yellow,blue,1192,1,0,4
SI_193,2015-11-01,22:39:16,1446413938302,3,315005,20,green,green,green,875,1,1,3
SI_193,2015-11-01,22:39:16,1446413938302,3,316239,21,yellow,red,yellow,1233,1,0,2
SI_193,2015-11-01,22:39:18,1446413938302,3,317127,22,green,blue,green,887,1,0,4
SI_193,2015-11-01,22:39:19,1446413938302,3,318018,23,yellow,red,yellow,890,1,0,4
SI_193,2015-11-01,22:39:19,1446413938302,3,318841,24,blue,blue,blue,822,1,1,3
SI_193,2015-11-01,22:39:20,1446413938302,3,319741,25,yellow,green,yellow,899,1,0,2
SI_193,2015-11-01,22:39:21,1446413938302,3,320559,26,red,red,red,817,1,1,3
SI_193,2015-11-01,22:39:22,1446413938302,3,321429,27,blue,green,blue,869,1,0,2
SI_193,2015-11-01,22:39:23,1446413938302,3,322205,28,green,blue,green,775,1,0,4
SI_193,2015-11-01,22:39:24,1446413938302,3,323040,29,blue,green,blue,834,1,0,4
SI_193,2015-11-01,22:39:24,1446413938302,3,323876,30,red,blue,red,835,1,0,4
SI_193,2015-11-01,22:39:25,1446413938302,3,324927,31,yellow,green,yellow,1049,1,0,4
SI_193,2015-11-01,22:39:26,1446413938302,3,325765,32,green,blue,green,836,1,0,4
SI_193,2015-11-01,22:39:27,1446413938302,3,326688,33,yellow,yellow,yellow,922,1,1,3
SI_193,2015-11-01,22:39:28,1446413938302,3,327373,34,blue,blue,blue,684,1,1,1
SI_193,2015-11-01,22:39:29,1446413938302,3,328253,35,yellow,red,yellow,879,1,0,2
SI_193,2015-11-01,22:39:30,1446413938302,3,329146,36,green,blue,green,892,1,0,4
SI_193,2015-11-01,22:39:31,1446413938302,3,329892,37,yellow,yellow,yellow,745,1,1,3
SI_193,2015-11-01,22:39:31,1446413938302,3,330761,38,blue,red,blue,868,1,0,2
SI_193,2015-11-01,22:39:32,1446413938302,3,331684,39,green,yellow,green,922,1,0,4
SI_193,2015-11-01,22:39:33,1446413938302,3,332366,40,red,red,red,681,1,1,3
SI_193,2015-11-01,22:39:34,1446413938302,3,333011,41,yellow,yellow,green,644,0,1,1
SI_193,2015-11-01,22:39:34,1446413938302,3,335075,42,blue,green,blue,2062,1,0,2
SI_193,2015-11-01,22:39:36,1446413938302,3,336627,43,red,yellow,red,1551,1,0,4
SI_193,2015-11-01,22:39:38,1446413938302,3,337658,44,green,blue,green,1030,1,0,4
SI_193,2015-11-01,22:39:39,1446413938302,3,339009,45,blue,green,blue,1350,1,0,4
SI_193,2015-11-01,22:39:40,1446413938302,3,340027,46,red,blue,red,1017,1,0,4
SI_193,2015-11-01,22:39:41,1446413938302,3,340780,47,green,green,green,752,1,1,3
SI_193,2015-11-01,22:39:42,1446413938302,3,341930,48,red,yellow,red,1149,1,0,2
SI_193,2015-11-01,22:39:43,1446413938302,3,342713,49,blue,blue,blue,782,1,1,3
SI_193,2015-11-01,22:39:44,1446413938302,3,343572,50,yellow,yellow,yellow,858,1,1,1
SI_193,2015-11-01,22:39:45,1446413938302,3,344309,51,blue,red,blue,736,1,0,2
SI_193,2015-11-01,22:39:46,1446413938302,3,345138,52,green,blue,green,828,1,0,4
SI_193,2015-11-01,22:39:47,1446413938302,3,345907,53,red,red,red,768,1,1,3
SI_193,2015-11-01,22:39:47,1446413938302,3,347092,54,yellow,yellow,yellow,1184,1,1,1
SI_193,2015-11-01,22:39:49,1446413938302,3,347910,55,blue,red,blue,817,1,0,2
SI_193,2015-11-01,22:39:49,1446413938302,3,348944,56,yellow,blue,yellow,1033,1,0,4
SI_193,2015-11-01,22:39:50,1446413938302,3,350183,57,red,yellow,red,1238,1,0,4
SI_193,2015-11-01,22:39:52,1446413938302,3,351042,58,blue,red,blue,858,1,0,4
SI_193,2015-11-01,22:39:52,1446413938302,3,352012,59,green,green,green,970,1,1,3
SI_193,2015-11-01,22:39:53,1446413938302,3,352842,60,blue,blue,blue,829,1,1,1
SI_193,2015-11-01,22:39:54,1446413938302,3,353493,61,yellow,green,yellow,650,1,0,2
SI_193,2015-11-01,22:39:55,1446413938302,3,354386,62,red,red,red,893,1,1,3
SI_193,2015-11-01,22:39:56,1446413938302,3,355962,63,blue,yellow,blue,1575,1,0,2
SI_193,2015-11-01,22:39:57,1446413938302,3,356743,64,yellow,red,yellow,780,1,0,4
SI_193,2015-11-01,22:39:58,1446413938302,3,358017,65,blue,blue,blue,1273,1,1,3
SI_193,2015-11-01,22:39:59,1446413938302,3,358758,66,yellow,red,yellow,740,1,0,2
SI_193,2015-11-01,22:40:00,1446413938302,3,359483,67,blue,green,blue,725,1,0,4
SI_193,2015-11-01,22:40:01,1446413938302,3,360228,68,red,yellow,red,744,1,0,4
SI_193,2015-11-01,22:40:02,1446413938302,3,361020,69,green,blue,green,790,1,0,4
SI_193,2015-11-01,22:40:02,1446413938302,3,361816,70,yellow,red,yellow,795,1,0,4
SI_193,2015-11-01,22:40:03,1446413938302,3,362511,71,blue,blue,blue,693,1,1,3
SI_193,2015-11-01,22:40:04,1446413938302,3,363387,72,green,yellow,red,875,0,0,2
SI_193,2015-11-01,22:40:05,1446413938302,3,364645,73,red,red,red,1256,1,1,3
SI_193,2015-11-01,22:40:06,1446413938302,3,365475,74,blue,blue,blue,829,1,1,1
SI_193,2015-11-01,22:40:07,1446413938302,3,366758,75,green,yellow,green,1282,1,0,2
SI_193,2015-11-01,22:40:08,1446413938302,3,367642,76,red,blue,red,883,1,0,4
SI_193,2015-11-01,22:40:09,1446413938302,3,368588,77,green,green,green,945,1,1,3
SI_193,2015-11-01,22:40:10,1446413938302,3,369328,78,yellow,yellow,yellow,739,1,1,1
SI_193,2015-11-01,22:40:11,1446413938302,3,370041,79,blue,green,blue,712,1,0,2
SI_193,2015-11-01,22:40:11,1446413938302,3,370752,80,red,red,red,710,1,1,3
SI_193,2015-11-01,22:40:12,1446413938302,3,371676,81,yellow,yellow,yellow,923,1,1,1
SI_193,2015-11-01,22:40:13,1446413938302,3,372359,82,blue,green,blue,682,1,0,2
SI_193,2015-11-01,22:40:14,1446413938302,3,373285,83,red,yellow,red,925,1,0,4
SI_193,2015-11-01,22:40:15,1446413938302,3,374628,84,blue,red,blue,1342,1,0,4
SI_193,2015-11-01,22:40:16,1446413938302,3,375678,85,red,yellow,red,1049,1,0,4
SI_193,2015-11-01,22:40:17,1446413938302,3,376728,86,yellow,green,yellow,1049,1,0,4
SI_193,2015-11-01,22:40:18,1446413938302,3,377531,87,blue,yellow,blue,803,1,0,4
SI_193,2015-11-01,22:40:19,1446413938302,3,378481,88,red,red,red,949,1,1,3
SI_193,2015-11-01,22:40:20,1446413938302,3,379503,89,yellow,green,yellow,1021,1,0,2
SI_193,2015-11-01,22:40:21,1446413938302,3,380450,90,red,red,red,946,1,1,3
SI_193,2015-11-01,22:40:22,1446413938302,3,381497,91,blue,green,blue,1046,1,0,2
SI_193,2015-11-01,22:40:23,1446413938302,3,382326,92,green,yellow,green,828,1,0,4
SI_193,2015-11-01,22:40:24,1446413938302,3,383105,93,red,red,red,778,1,1,3
SI_193,2015-11-01,22:40:25,1446413938302,3,384466,94,yellow,blue,yellow,1360,1,0,2
SI_193,2015-11-01,22:40:26,1446413938302,3,385176,95,green,yellow,green,709,1,0,4
SI_193,2015-11-01,22:40:27,1446413938302,3,386038,96,yellow,blue,yellow,861,1,0,4
SI_193,2015-11-01,22:40:27,1446413938302,3,386828,97,blue,red,blue,789,1,0,4
SI_193,2015-11-01,22:40:28,1446413938302,3,387699,98,red,blue,red,870,1,0,4
SI_193,2015-11-01,22:40:29,1446413938302,3,388601,99,yellow,yellow,yellow,901,1,1,3
SI_193,2015-11-01,22:40:30,1446413938302,3,389327,100,green,green,green,724,1,1,1
SI_193,2015-11-01,22:40:31,1446413938302,3,390241,101,blue,yellow,blue,913,1,0,2
SI_193,2015-11-01,22:40:32,1446413938302,3,391276,102,green,blue,green,1034,1,0,4
SI_193,2015-11-01,22:40:33,1446413938302,3,392295,103,blue,yellow,blue,1018,1,0,4
SI_193,2015-11-01,22:40:34,1446413938302,3,393021,104,red,red,red,725,1,1,3
SI_193,2015-11-01,22:40:34,1446413938302,3,393680,105,yellow,blue,yellow,658,1,0,2
SI_193,2015-11-01,22:40:35,1446413938302,3,394685,106,blue,red,blue,1004,1,0,4
SI_193,2015-11-01,22:40:36,1446413938302,3,395499,107,yellow,blue,yellow,813,1,0,4
SI_193,2015-11-01,22:40:37,1446413938302,3,396547,108,red,yellow,red,1047,1,0,4
SI_193,2015-11-01,22:40:38,1446413938302,3,397246,109,blue,red,blue,698,1,0,4
SI_193,2015-11-01,22:40:39,1446413938302,3,397862,110,green,green,yellow,615,0,1,3
SI_193,2015-11-01,22:40:39,1446413938302,3,398964,111,yellow,blue,yellow,1101,1,0,2
SI_193,2015-11-01,22:40:40,1446413938302,3,399768,112,green,yellow,green,803,1,0,4
SI_193,2015-11-01,22:40:41,1446413938302,3,400430,113,yellow,green,yellow,661,1,0,4
SI_193,2015-11-01,22:40:42,1446413938302,3,401357,114,red,yellow,red,926,1,0,4
SI_193,2015-11-01,22:40:43,1446413938302,3,402023,115,blue,red,blue,665,1,0,4
SI_193,2015-11-01,22:40:43,1446413938302,3,402957,116,green,green,green,933,1,1,3
SI_193,2015-11-01,22:40:44,1446413938302,3,403915,117,red,blue,red,957,1,0,2
SI_193,2015-11-01,22:40:45,1446413938302,3,405466,118,blue,yellow,blue,1551,1,0,4
SI_193,2015-11-01,22:40:47,1446413938302,3,406564,119,green,green,green,1097,1,1,3
SI_193,2015-11-01,22:40:48,1446413938302,3,407573,120,blue,blue,blue,1009,1,1,1
SI_193,2015-11-01,22:40:49,1446413938302,3,408349,121,yellow,red,yellow,776,1,0,2
SI_193,2015-11-01,22:40:50,1446413938302,3,409125,122,green,yellow,green,775,1,0,4
SI_193,2015-11-01,22:40:51,1446413938302,3,410074,123,blue,blue,blue,947,1,1,3
SI_193,2015-11-01,22:40:51,1446413938302,3,411127,124,green,green,green,1053,1,1,1
SI_193,2015-11-01,22:40:53,1446413938302,3,411782,125,yellow,blue,yellow,654,1,0,2
SI_193,2015-11-01,22:40:53,1446413938302,3,412634,126,green,green,green,851,1,1,3
SI_193,2015-11-01,22:40:54,1446413938302,3,413548,127,blue,red,blue,913,1,0,2
SI_193,2015-11-01,22:40:55,1446413938302,3,414323,128,red,yellow,red,774,1,0,4
SI_193,2015-11-01,22:40:56,1446413938302,3,415151,129,green,green,green,827,1,1,3
SI_193,2015-11-01,22:40:57,1446413938302,3,416411,130,blue,blue,,1260,0,1,1
