id,date,time,t0,t0_absolute,order_of_test,time_start_battery,order_in_test,color,text,response,reaction_time,correct,congruent,stimuli_combination
SI_264,2016-03-30,10:28:51,,,1,7463,1,yellow,yellow,yellow,1794,1,1,
SI_264,2016-03-30,10:28:52,,,1,8597,2,green,green,green,1133,1,1,1
SI_264,2016-03-30,10:28:54,,,1,9539,3,blue,yellow,blue,940,1,0,2
SI_264,2016-03-30,10:28:54,,,1,10557,4,yellow,green,yellow,1016,1,0,4
SI_264,2016-03-30,10:28:56,,,1,11617,5,green,blue,green,1059,1,0,4
SI_264,2016-03-30,10:28:57,,,1,12435,6,red,red,red,817,1,1,3
SI_264,2016-03-30,10:28:57,,,1,13368,7,green,blue,green,932,1,0,2
SI_264,2016-03-30,10:28:58,,,1,14295,8,blue,green,blue,926,1,0,4
SI_264,2016-03-30,10:28:59,,,1,15350,9,yellow,red,yellow,1053,1,0,4
SI_264,2016-03-30,10:29:00,,,1,16219,10,blue,blue,blue,868,1,1,3
SI_264,2016-03-30,10:29:01,,,1,17284,11,red,red,red,1064,1,1,1
SI_264,2016-03-30,10:29:02,,,1,18332,12,green,blue,green,1047,1,0,2
SI_264,2016-03-30,10:29:03,,,1,19255,13,red,red,red,922,1,1,3
SI_264,2016-03-30,10:29:04,,,1,20070,14,green,green,red,814,0,1,1
SI_264,2016-03-30,10:29:05,,,1,21739,15,yellow,red,yellow,1668,1,0,2
SI_264,2016-03-30,10:29:07,,,1,23240,16,green,green,green,1498,1,1,3
SI_264,2016-03-30,10:29:08,,,1,24495,17,yellow,blue,yellow,1254,1,0,2
SI_264,2016-03-30,10:29:09,,,1,25386,18,red,red,red,885,1,1,3
SI_264,2016-03-30,10:29:10,,,1,26203,19,green,green,green,816,1,1,1
SI_264,2016-03-30,10:29:11,,,1,27172,20,yellow,red,yellow,965,1,0,2
SI_264,2016-03-30,10:29:12,,,1,28007,21,blue,blue,blue,833,1,1,3
SI_264,2016-03-30,10:29:13,,,1,28872,22,green,green,green,864,1,1,1
SI_264,2016-03-30,10:29:14,,,1,30194,23,yellow,blue,yellow,1321,1,0,2
SI_264,2016-03-30,10:29:15,,,1,31321,24,green,green,green,1124,1,1,3
SI_264,2016-03-30,10:29:16,,,1,32126,25,red,red,red,803,1,1,1
SI_264,2016-03-30,10:29:17,,,1,33464,26,green,yellow,green,1336,1,0,2
SI_264,2016-03-30,10:29:18,,,1,34335,27,blue,blue,blue,870,1,1,3
SI_264,2016-03-30,10:29:19,,,1,35789,28,green,green,green,1452,1,1,1
SI_264,2016-03-30,10:29:21,,,1,37060,29,blue,yellow,blue,1269,1,0,2
SI_264,2016-03-30,10:29:22,,,1,38584,30,yellow,red,yellow,1523,1,0,4
SI_264,2016-03-30,10:29:24,,,1,39667,31,green,green,green,1082,1,1,3
SI_264,2016-03-30,10:29:25,,,1,40573,32,red,red,red,905,1,1,1
SI_264,2016-03-30,10:29:26,,,1,41675,33,blue,green,blue,1099,1,0,2
SI_264,2016-03-30,10:29:27,,,1,42883,34,red,red,red,1207,1,1,3
SI_264,2016-03-30,10:29:28,,,1,44748,35,yellow,yellow,yellow,1864,1,1,1
SI_264,2016-03-30,10:29:30,,,1,46597,36,blue,red,blue,1848,1,0,2
SI_264,2016-03-30,10:29:32,,,1,47672,37,yellow,yellow,yellow,1073,1,1,3
SI_264,2016-03-30,10:29:33,,,1,48582,38,blue,blue,blue,909,1,1,1
SI_264,2016-03-30,10:29:34,,,1,49479,39,green,yellow,green,896,1,0,2
SI_264,2016-03-30,10:29:34,,,1,50688,40,yellow,blue,yellow,1208,1,0,4
SI_264,2016-03-30,10:29:36,,,1,51562,41,green,green,green,873,1,1,3
SI_264,2016-03-30,10:29:37,,,1,53352,42,blue,red,blue,1788,1,0,2
SI_264,2016-03-30,10:29:38,,,1,54203,43,yellow,yellow,yellow,850,1,1,3
SI_264,2016-03-30,10:29:39,,,1,54917,44,blue,blue,blue,714,1,1,1
SI_264,2016-03-30,10:29:40,,,1,55779,45,green,yellow,green,861,1,0,2
SI_264,2016-03-30,10:29:41,,,1,56554,46,red,red,red,774,1,1,3
SI_264,2016-03-30,10:29:42,,,1,57338,47,blue,blue,blue,783,1,1,1
SI_264,2016-03-30,10:29:42,,,1,58333,48,green,yellow,green,994,1,0,2
SI_264,2016-03-30,10:29:43,,,1,59722,49,blue,blue,blue,1388,1,1,3
SI_264,2016-03-30,10:29:45,,,1,60706,50,red,red,red,983,1,1,1
SI_264,2016-03-30,10:29:46,,,1,61524,51,yellow,green,yellow,817,1,0,2
SI_264,2016-03-30,10:29:46,,,1,62369,52,red,red,red,844,1,1,3
SI_264,2016-03-30,10:29:47,,,1,63303,53,green,yellow,green,933,1,0,2
SI_264,2016-03-30,10:29:48,,,1,64341,54,red,red,red,1037,1,1,3
SI_264,2016-03-30,10:29:49,,,1,65191,55,yellow,yellow,yellow,850,1,1,1
SI_264,2016-03-30,10:29:50,,,1,66275,56,red,blue,red,1083,1,0,2
SI_264,2016-03-30,10:29:51,,,1,67926,57,yellow,red,yellow,1650,1,0,4
SI_264,2016-03-30,10:29:53,,,1,69176,58,red,yellow,red,1249,1,0,4
SI_264,2016-03-30,10:29:54,,,1,71009,59,yellow,red,yellow,1832,1,0,4
SI_264,2016-03-30,10:29:56,,,1,71963,60,green,green,green,952,1,1,3
SI_264,2016-03-30,10:29:57,,,1,72915,61,blue,blue,blue,951,1,1,1
SI_264,2016-03-30,10:29:58,,,1,73915,62,yellow,green,yellow,999,1,0,2
SI_264,2016-03-30,10:29:59,,,1,74711,63,blue,blue,blue,796,1,1,3
SI_264,2016-03-30,10:30:00,,,1,75417,64,green,green,green,705,1,1,1
SI_264,2016-03-30,10:30:00,,,1,76814,65,blue,yellow,blue,1397,1,0,2
SI_264,2016-03-30,10:30:02,,,1,77647,66,red,red,red,832,1,1,3
SI_264,2016-03-30,10:30:03,,,1,80099,67,green,green,green,2451,1,1,1
SI_264,2016-03-30,10:30:05,,,1,80532,68,blue,red,green,433,0,0,2
SI_264,2016-03-30,10:30:05,,,1,82752,69,yellow,green,yellow,2219,1,0,4
SI_264,2016-03-30,10:30:08,,,1,84669,70,green,yellow,green,1916,1,0,4
SI_264,2016-03-30,10:30:10,,,1,85965,71,red,red,red,1295,1,1,3
SI_264,2016-03-30,10:30:11,,,1,87112,72,yellow,yellow,yellow,1146,1,1,1
SI_264,2016-03-30,10:30:12,,,1,88392,73,blue,green,blue,1279,1,0,2
SI_264,2016-03-30,10:30:13,,,1,89522,74,red,red,red,1129,1,1,3
SI_264,2016-03-30,10:30:14,,,1,91254,75,blue,blue,blue,1731,1,1,1
SI_264,2016-03-30,10:30:16,,,1,92173,76,yellow,green,yellow,918,1,0,2
SI_264,2016-03-30,10:30:17,,,1,93740,77,green,yellow,green,1566,1,0,4
SI_264,2016-03-30,10:30:19,,,1,94567,78,red,red,red,826,1,1,3
SI_264,2016-03-30,10:30:20,,,1,95392,79,blue,blue,blue,823,1,1,1
SI_264,2016-03-30,10:30:20,,,1,96871,80,yellow,green,yellow,1479,1,0,2
SI_264,2016-03-30,10:30:22,,,1,98528,81,blue,yellow,blue,1656,1,0,4
SI_264,2016-03-30,10:30:23,,,1,99358,82,red,red,red,829,1,1,3
SI_264,2016-03-30,10:30:24,,,1,101032,83,yellow,blue,yellow,1673,1,0,2
SI_264,2016-03-30,10:30:26,,,1,102648,84,green,yellow,green,1615,1,0,4
SI_264,2016-03-30,10:30:28,,,1,104695,85,blue,red,blue,2046,1,0,4
SI_264,2016-03-30,10:30:30,,,1,105845,86,yellow,blue,yellow,1149,1,0,4
SI_264,2016-03-30,10:30:31,,,1,107096,87,blue,red,blue,1250,1,0,4
SI_264,2016-03-30,10:30:32,,,1,108243,88,green,green,green,1147,1,1,3
SI_264,2016-03-30,10:30:33,,,1,109097,89,red,red,red,853,1,1,1
SI_264,2016-03-30,10:30:34,,,1,109937,90,blue,yellow,blue,839,1,0,2
SI_264,2016-03-30,10:30:35,,,1,110982,91,green,blue,green,1044,1,0,4
SI_264,2016-03-30,10:30:36,,,1,111981,92,blue,green,blue,998,1,0,4
SI_264,2016-03-30,10:30:37,,,1,112730,93,yellow,yellow,yellow,747,1,1,3
SI_264,2016-03-30,10:30:38,,,1,113753,94,blue,blue,blue,1023,1,1,1
SI_264,2016-03-30,10:30:39,,,1,114616,95,red,yellow,red,862,1,0,2
SI_264,2016-03-30,10:30:40,,,1,115782,96,blue,green,blue,1165,1,0,4
SI_264,2016-03-30,10:30:41,,,1,116613,97,yellow,yellow,yellow,830,1,1,3
SI_264,2016-03-30,10:30:42,,,1,117756,98,green,blue,green,1142,1,0,2
SI_264,2016-03-30,10:30:43,,,1,119001,99,blue,yellow,blue,1244,1,0,4
SI_264,2016-03-30,10:30:44,,,1,119818,100,red,red,red,816,1,1,3
SI_264,2016-03-30,10:30:45,,,1,121620,101,blue,green,blue,1801,1,0,2
SI_264,2016-03-30,10:30:47,,,1,122720,102,yellow,yellow,yellow,1099,1,1,3
SI_264,2016-03-30,10:30:48,,,1,123726,103,blue,green,blue,1005,1,0,2
SI_264,2016-03-30,10:30:49,,,1,125088,104,yellow,yellow,yellow,1361,1,1,3
SI_264,2016-03-30,10:30:50,,,1,125922,105,green,green,blue,833,0,1,1
SI_264,2016-03-30,10:30:51,,,1,126833,106,blue,yellow,,911,0,0,2
