id,date,time,t0,t0_absolute,order_of_test,time_start_battery,order_in_test,color,text,response,reaction_time,correct,congruent,stimuli_combination
SI_264,2016-03-30,14:32:14,,,3,287306,1,yellow,yellow,yellow,1463,1,1,
SI_264,2016-03-30,14:32:15,,,3,288551,2,green,green,green,1244,1,1,1
SI_264,2016-03-30,14:32:17,,,3,289423,3,red,blue,red,869,1,0,2
SI_264,2016-03-30,14:32:17,,,3,290454,4,yellow,red,yellow,1029,1,0,4
SI_264,2016-03-30,14:32:18,,,3,291299,5,green,green,green,844,1,1,3
SI_264,2016-03-30,14:32:19,,,3,292010,6,blue,red,blue,710,1,0,2
SI_264,2016-03-30,14:32:20,,,3,293043,7,yellow,blue,yellow,1031,1,0,4
SI_264,2016-03-30,14:32:21,,,3,294158,8,blue,red,blue,1114,1,0,4
SI_264,2016-03-30,14:32:22,,,3,295039,9,red,blue,red,880,1,0,4
SI_264,2016-03-30,14:32:23,,,3,296047,10,green,green,green,1007,1,1,3
SI_264,2016-03-30,14:32:24,,,3,297272,11,red,yellow,red,1223,1,0,2
SI_264,2016-03-30,14:32:25,,,3,298126,12,blue,green,blue,852,1,0,4
SI_264,2016-03-30,14:32:26,,,3,298809,13,green,blue,green,680,1,0,4
SI_264,2016-03-30,14:32:27,,,3,299441,14,yellow,green,yellow,630,1,0,4
SI_264,2016-03-30,14:32:27,,,3,300191,15,blue,yellow,blue,749,1,0,4
SI_264,2016-03-30,14:32:28,,,3,301310,16,yellow,green,yellow,1118,1,0,4
SI_264,2016-03-30,14:32:29,,,3,302197,17,red,blue,red,886,1,0,4
SI_264,2016-03-30,14:32:30,,,3,302964,18,green,green,green,766,1,1,3
SI_264,2016-03-30,14:32:31,,,3,303863,19,yellow,blue,yellow,898,1,0,2
SI_264,2016-03-30,14:32:32,,,3,304831,20,red,red,red,967,1,1,3
SI_264,2016-03-30,14:32:33,,,3,305613,21,blue,blue,blue,781,1,1,1
SI_264,2016-03-30,14:32:34,,,3,306663,22,red,yellow,red,1049,1,0,2
SI_264,2016-03-30,14:32:35,,,3,307966,23,blue,green,blue,1302,1,0,4
SI_264,2016-03-30,14:32:36,,,3,308878,24,green,yellow,green,911,1,0,4
SI_264,2016-03-30,14:32:37,,,3,309740,25,blue,blue,blue,860,1,1,3
SI_264,2016-03-30,14:32:38,,,3,310880,26,red,red,red,1139,1,1,1
SI_264,2016-03-30,14:32:39,,,3,311797,27,yellow,green,yellow,916,1,0,2
SI_264,2016-03-30,14:32:40,,,3,313033,28,red,red,red,1235,1,1,3
SI_264,2016-03-30,14:32:41,,,3,314523,29,yellow,yellow,yellow,1489,1,1,1
SI_264,2016-03-30,14:32:43,,,3,315915,30,green,blue,green,1391,1,0,2
SI_264,2016-03-30,14:32:44,,,3,317018,31,yellow,yellow,yellow,1101,1,1,3
SI_264,2016-03-30,14:32:45,,,3,317799,32,green,green,green,780,1,1,1
SI_264,2016-03-30,14:32:46,,,3,318786,33,blue,yellow,blue,987,1,0,2
SI_264,2016-03-30,14:32:47,,,3,319962,34,red,red,red,1175,1,1,3
SI_264,2016-03-30,14:32:48,,,3,321380,35,blue,blue,blue,1417,1,1,1
SI_264,2016-03-30,14:32:49,,,3,322672,36,yellow,green,yellow,1290,1,0,2
SI_264,2016-03-30,14:32:51,,,3,323655,37,red,red,red,982,1,1,3
SI_264,2016-03-30,14:32:52,,,3,325379,38,green,yellow,green,1723,1,0,2
SI_264,2016-03-30,14:32:53,,,3,326342,39,blue,blue,blue,962,1,1,3
SI_264,2016-03-30,14:32:54,,,3,327404,40,green,green,green,1061,1,1,1
SI_264,2016-03-30,14:32:55,,,3,328707,41,blue,yellow,blue,1302,1,0,2
SI_264,2016-03-30,14:32:57,,,3,330524,42,yellow,green,yellow,1816,1,0,4
SI_264,2016-03-30,14:32:59,,,3,331656,43,red,red,green,1132,0,1,3
SI_264,2016-03-30,14:33:00,,,3,334428,44,yellow,green,yellow,2771,1,0,2
SI_264,2016-03-30,14:33:02,,,3,335541,45,green,blue,green,1112,1,0,4
SI_264,2016-03-30,14:33:04,,,3,336579,46,red,red,red,1037,1,1,3
SI_264,2016-03-30,14:33:05,,,3,337783,47,blue,blue,blue,1204,1,1,1
SI_264,2016-03-30,14:33:06,,,3,339781,48,yellow,red,yellow,1997,1,0,2
SI_264,2016-03-30,14:33:08,,,3,340970,49,blue,yellow,blue,1188,1,0,4
SI_264,2016-03-30,14:33:09,,,3,342147,50,green,green,green,1176,1,1,3
SI_264,2016-03-30,14:33:10,,,3,343268,51,yellow,yellow,yellow,1121,1,1,1
SI_264,2016-03-30,14:33:11,,,3,344249,52,red,blue,red,980,1,0,2
SI_264,2016-03-30,14:33:12,,,3,345669,53,green,green,green,1419,1,1,3
SI_264,2016-03-30,14:33:14,,,3,347075,54,red,red,yellow,1405,0,1,1
SI_264,2016-03-30,14:33:15,,,3,348783,55,green,yellow,green,1707,1,0,2
SI_264,2016-03-30,14:33:17,,,3,349886,56,blue,red,blue,1102,1,0,4
SI_264,2016-03-30,14:33:18,,,3,350833,57,yellow,yellow,yellow,946,1,1,3
SI_264,2016-03-30,14:33:19,,,3,352075,58,blue,blue,blue,1241,1,1,1
SI_264,2016-03-30,14:33:20,,,3,353720,59,red,yellow,red,1644,1,0,2
SI_264,2016-03-30,14:33:22,,,3,354857,60,green,blue,green,1136,1,0,4
SI_264,2016-03-30,14:33:23,,,3,355903,61,blue,yellow,blue,1045,1,0,4
SI_264,2016-03-30,14:33:24,,,3,357304,62,green,green,green,1400,1,1,3
SI_264,2016-03-30,14:33:25,,,3,358620,63,red,blue,red,1315,1,0,2
SI_264,2016-03-30,14:33:27,,,3,359873,64,yellow,yellow,yellow,1253,1,1,3
SI_264,2016-03-30,14:33:28,,,3,360804,65,green,green,green,930,1,1,1
SI_264,2016-03-30,14:33:29,,,3,362378,66,red,yellow,red,1573,1,0,2
SI_264,2016-03-30,14:33:30,,,3,363310,67,blue,blue,blue,931,1,1,3
SI_264,2016-03-30,14:33:31,,,3,364541,68,green,green,green,1230,1,1,1
SI_264,2016-03-30,14:33:33,,,3,366086,69,yellow,red,yellow,1544,1,0,2
SI_264,2016-03-30,14:33:34,,,3,366944,70,blue,blue,blue,856,1,1,3
SI_264,2016-03-30,14:33:35,,,3,370046,71,green,green,red,3102,0,1,1
SI_264,2016-03-30,14:33:38,,,3,371953,72,blue,red,blue,1906,1,0,2
SI_264,2016-03-30,14:33:40,,,3,373073,73,green,blue,green,1119,1,0,4
SI_264,2016-03-30,14:33:41,,,3,374124,74,red,red,red,1049,1,1,3
SI_264,2016-03-30,14:33:42,,,3,375063,75,green,green,green,938,1,1,1
SI_264,2016-03-30,14:33:43,,,3,376166,76,blue,red,blue,1102,1,0,2
SI_264,2016-03-30,14:33:44,,,3,377062,77,green,green,green,895,1,1,3
SI_264,2016-03-30,14:33:45,,,3,378032,78,yellow,yellow,yellow,969,1,1,1
SI_264,2016-03-30,14:33:46,,,3,379108,79,red,blue,red,1074,1,0,2
SI_264,2016-03-30,14:33:47,,,3,380526,80,yellow,red,yellow,1417,1,0,4
SI_264,2016-03-30,14:33:49,,,3,382016,81,green,yellow,green,1488,1,0,4
SI_264,2016-03-30,14:33:50,,,3,383075,82,blue,blue,blue,1058,1,1,3
SI_264,2016-03-30,14:33:51,,,3,384020,83,yellow,yellow,yellow,944,1,1,1
SI_264,2016-03-30,14:33:52,,,3,385468,84,red,blue,red,1447,1,0,2
SI_264,2016-03-30,14:33:54,,,3,386570,85,blue,yellow,blue,1102,1,0,4
SI_264,2016-03-30,14:33:55,,,3,387720,86,red,blue,red,1149,1,0,4
SI_264,2016-03-30,14:33:56,,,3,388739,87,blue,yellow,blue,1018,1,0,4
SI_264,2016-03-30,14:33:57,,,3,389553,88,red,red,red,813,1,1,3
SI_264,2016-03-30,14:33:58,,,3,390338,89,green,blue,green,784,1,0,2
SI_264,2016-03-30,14:33:58,,,3,391139,90,yellow,yellow,yellow,800,1,1,3
SI_264,2016-03-30,14:33:59,,,3,392090,91,red,blue,red,950,1,0,2
SI_264,2016-03-30,14:34:00,,,3,392878,92,blue,red,blue,787,1,0,4
SI_264,2016-03-30,14:34:01,,,3,393713,93,green,green,green,834,1,1,3
SI_264,2016-03-30,14:34:02,,,3,394559,94,yellow,yellow,yellow,844,1,1,1
SI_264,2016-03-30,14:34:03,,,3,395503,95,red,blue,red,943,1,0,2
SI_264,2016-03-30,14:34:04,,,3,396699,96,green,yellow,green,1195,1,0,4
SI_264,2016-03-30,14:34:05,,,3,397616,97,blue,green,blue,916,1,0,4
SI_264,2016-03-30,14:34:06,,,3,399259,98,green,yellow,green,1642,1,0,4
SI_264,2016-03-30,14:34:07,,,3,400299,99,blue,green,blue,1039,1,0,4
SI_264,2016-03-30,14:34:08,,,3,401144,100,yellow,yellow,yellow,844,1,1,3
SI_264,2016-03-30,14:34:09,,,3,402430,101,green,green,green,1286,1,1,1
SI_264,2016-03-30,14:34:10,,,3,404031,102,blue,yellow,blue,1601,1,0,2
SI_264,2016-03-30,14:34:12,,,3,404960,103,green,green,green,928,1,1,3
SI_264,2016-03-30,14:34:13,,,3,405847,104,yellow,blue,,886,0,0,2
