id,date,time,t0,order_of_test,time_start_battery,order_in_test,color,text,response,reaction_time,correct,congruent,stimuli_combination
Sl_164_res,2015-06-09,07:48:58,1433828938488,5,601026,1,green,blue,green,1487,1,0,
Sl_164_res,2015-06-09,07:48:59,1433828938488,5,602236,2,red,red,red,1209,1,1,3
Sl_164_res,2015-06-09,07:49:01,1433828938488,5,603213,3,yellow,green,yellow,976,1,0,2
Sl_164_res,2015-06-09,07:49:02,1433828938488,5,604137,4,green,blue,green,923,1,0,4
Sl_164_res,2015-06-09,07:49:03,1433828938488,5,605164,5,red,red,red,1027,1,1,3
Sl_164_res,2015-06-09,07:49:04,1433828938488,5,606336,6,blue,blue,blue,1171,1,1,1
Sl_164_res,2015-06-09,07:49:05,1433828938488,5,607778,7,red,yellow,red,1441,1,0,2
Sl_164_res,2015-06-09,07:49:06,1433828938488,5,608758,8,green,green,green,979,1,1,3
Sl_164_res,2015-06-09,07:49:07,1433828938488,5,609897,9,blue,blue,blue,1138,1,1,1
Sl_164_res,2015-06-09,07:49:08,1433828938488,5,611259,10,yellow,green,yellow,1360,1,0,2
Sl_164_res,2015-06-09,07:49:10,1433828938488,5,612948,11,red,blue,red,1688,1,0,4
Sl_164_res,2015-06-09,07:49:11,1433828938488,5,614006,12,yellow,yellow,yellow,1057,1,1,3
Sl_164_res,2015-06-09,07:49:12,1433828938488,5,615184,13,red,red,red,1178,1,1,1
Sl_164_res,2015-06-09,07:49:14,1433828938488,5,616251,14,yellow,blue,yellow,1066,1,0,2
Sl_164_res,2015-06-09,07:49:15,1433828938488,5,617261,15,green,green,green,1009,1,1,3
Sl_164_res,2015-06-09,07:49:16,1433828938488,5,618296,16,red,red,red,1034,1,1,1
Sl_164_res,2015-06-09,07:49:17,1433828938488,5,619363,17,green,yellow,green,1067,1,0,2
Sl_164_res,2015-06-09,07:49:18,1433828938488,5,620423,18,blue,blue,blue,1059,1,1,3
Sl_164_res,2015-06-09,07:49:19,1433828938488,5,621681,19,green,yellow,green,1257,1,0,2
Sl_164_res,2015-06-09,07:49:20,1433828938488,5,622709,20,blue,green,blue,1027,1,0,4
Sl_164_res,2015-06-09,07:49:21,1433828938488,5,624175,21,red,blue,red,1465,1,0,4
Sl_164_res,2015-06-09,07:49:23,1433828938488,5,625313,22,yellow,green,yellow,1137,1,0,4
Sl_164_res,2015-06-09,07:49:24,1433828938488,5,626461,23,red,blue,red,1148,1,0,4
Sl_164_res,2015-06-09,07:49:25,1433828938488,5,627385,24,yellow,yellow,yellow,923,1,1,3
Sl_164_res,2015-06-09,07:49:26,1433828938488,5,628651,25,red,red,red,1265,1,1,1
Sl_164_res,2015-06-09,07:49:27,1433828938488,5,629831,26,green,blue,green,1179,1,0,2
Sl_164_res,2015-06-09,07:49:28,1433828938488,5,630869,27,yellow,yellow,yellow,1037,1,1,3
Sl_164_res,2015-06-09,07:49:29,1433828938488,5,631953,28,red,red,red,1083,1,1,1
Sl_164_res,2015-06-09,07:49:30,1433828938488,5,633197,29,green,blue,green,1243,1,0,2
Sl_164_res,2015-06-09,07:49:32,1433828938488,5,634227,30,yellow,yellow,yellow,1029,1,1,3
Sl_164_res,2015-06-09,07:49:33,1433828938488,5,635297,31,blue,red,blue,1069,1,0,2
Sl_164_res,2015-06-09,07:49:34,1433828938488,5,636757,32,green,green,green,1459,1,1,3
Sl_164_res,2015-06-09,07:49:35,1433828938488,5,637849,33,red,red,red,1091,1,1,1
Sl_164_res,2015-06-09,07:49:36,1433828938488,5,639013,34,blue,yellow,blue,1164,1,0,2
Sl_164_res,2015-06-09,07:49:37,1433828938488,5,640113,35,green,green,green,1099,1,1,3
Sl_164_res,2015-06-09,07:49:39,1433828938488,5,641239,36,blue,red,blue,1125,1,0,2
Sl_164_res,2015-06-09,07:49:40,1433828938488,5,642435,37,yellow,green,yellow,1195,1,0,4
Sl_164_res,2015-06-09,07:49:41,1433828938488,5,643479,38,red,red,red,1043,1,1,3
Sl_164_res,2015-06-09,07:49:42,1433828938488,5,644933,39,blue,green,yellow,1454,1,0,2
Sl_164_res,2015-06-09,07:49:43,1433828938488,5,644953,40,blue,blue,blue,19,1,1,3
Sl_164_res,2015-06-09,07:49:43,1433828938488,5,646085,41,red,red,red,1131,1,1,1
Sl_164_res,2015-06-09,07:49:45,1433828938488,5,646103,42,green,blue,blue,17,1,0,2
Sl_164_res,2015-06-09,07:49:45,1433828938488,5,647187,43,red,yellow,red,1083,1,0,4
Sl_164_res,2015-06-09,07:49:46,1433828938488,5,647209,44,blue,blue,green,21,1,1,3
Sl_164_res,2015-06-09,07:49:46,1433828938488,5,648285,45,yellow,yellow,blue,1075,1,1,1
Sl_164_res,2015-06-09,07:49:47,1433828938488,5,649241,46,green,yellow,green,955,1,0,2
Sl_164_res,2015-06-09,07:49:48,1433828938488,5,650291,47,blue,blue,blue,1049,1,1,3
Sl_164_res,2015-06-09,07:49:49,1433828938488,5,651271,48,yellow,yellow,yellow,978,1,1,1
Sl_164_res,2015-06-09,07:49:50,1433828938488,5,652385,49,blue,red,blue,1114,1,0,2
Sl_164_res,2015-06-09,07:49:51,1433828938488,5,653349,50,green,green,green,963,1,1,3
Sl_164_res,2015-06-09,07:49:52,1433828938488,5,654573,51,red,red,red,1223,1,1,1
Sl_164_res,2015-06-09,07:49:53,1433828938488,5,655776,52,green,blue,green,1202,1,0,2
Sl_164_res,2015-06-09,07:49:54,1433828938488,5,656811,53,yellow,yellow,yellow,1035,1,1,3
Sl_164_res,2015-06-09,07:49:55,1433828938488,5,657919,54,red,red,red,1107,1,1,1
Sl_164_res,2015-06-09,07:49:56,1433828938488,5,659113,55,yellow,green,yellow,1194,1,0,2
Sl_164_res,2015-06-09,07:49:58,1433828938488,5,660125,56,blue,blue,blue,1012,1,1,3
Sl_164_res,2015-06-09,07:49:59,1433828938488,5,661303,57,green,yellow,green,1177,1,0,2
Sl_164_res,2015-06-09,07:50:00,1433828938488,5,662411,58,blue,blue,blue,1107,1,1,3
Sl_164_res,2015-06-09,07:50:01,1433828938488,5,663535,59,red,red,red,1124,1,1,1
Sl_164_res,2015-06-09,07:50:02,1433828938488,5,664633,60,green,blue,green,1097,1,0,2
Sl_164_res,2015-06-09,07:50:03,1433828938488,5,665693,61,red,red,red,1059,1,1,3
Sl_164_res,2015-06-09,07:50:04,1433828938488,5,666769,62,blue,blue,blue,1076,1,1,1
Sl_164_res,2015-06-09,07:50:05,1433828938488,5,667725,63,yellow,green,yellow,955,1,0,2
Sl_164_res,2015-06-09,07:50:06,1433828938488,5,668793,64,blue,blue,blue,1067,1,1,3
Sl_164_res,2015-06-09,07:50:07,1433828938488,5,669877,65,red,yellow,red,1084,1,0,2
Sl_164_res,2015-06-09,07:50:08,1433828938488,5,670846,66,blue,blue,blue,968,1,1,3
Sl_164_res,2015-06-09,07:50:09,1433828938488,5,671843,67,green,green,green,996,1,1,1
Sl_164_res,2015-06-09,07:50:10,1433828938488,5,672879,68,red,yellow,red,1036,1,0,2
Sl_164_res,2015-06-09,07:50:11,1433828938488,5,673915,69,blue,blue,blue,1036,1,1,3
Sl_164_res,2015-06-09,07:50:12,1433828938488,5,674982,70,red,red,red,1066,1,1,1
Sl_164_res,2015-06-09,07:50:13,1433828938488,5,675889,71,green,yellow,green,906,1,0,2
Sl_164_res,2015-06-09,07:50:14,1433828938488,5,677061,72,blue,blue,blue,1171,1,1,3
Sl_164_res,2015-06-09,07:50:16,1433828938488,5,678033,73,yellow,yellow,yellow,971,1,1,1
Sl_164_res,2015-06-09,07:50:16,1433828938488,5,679426,74,green,blue,green,1393,1,0,2
Sl_164_res,2015-06-09,07:50:18,1433828938488,5,680445,75,red,red,red,1018,1,1,3
Sl_164_res,2015-06-09,07:50:19,1433828938488,5,681393,76,yellow,yellow,yellow,948,1,1,1
Sl_164_res,2015-06-09,07:50:20,1433828938488,5,682691,77,red,blue,red,1298,1,0,2
Sl_164_res,2015-06-09,07:50:21,1433828938488,5,684148,78,yellow,red,yellow,1457,1,0,4
Sl_164_res,2015-06-09,07:50:23,1433828938488,5,685296,79,green,blue,green,1147,1,0,4
Sl_164_res,2015-06-09,07:50:24,1433828938488,5,686267,80,yellow,red,yellow,970,1,0,4
Sl_164_res,2015-06-09,07:50:25,1433828938488,5,687652,81,blue,green,blue,1385,1,0,4
Sl_164_res,2015-06-09,07:50:26,1433828938488,5,688688,82,red,red,red,1035,1,1,3
Sl_164_res,2015-06-09,07:50:27,1433828938488,5,689613,83,yellow,yellow,yellow,925,1,1,1
Sl_164_res,2015-06-09,07:50:28,1433828938488,5,690856,84,red,blue,red,1243,1,0,2
Sl_164_res,2015-06-09,07:50:29,1433828938488,5,692002,85,yellow,red,yellow,1145,1,0,4
Sl_164_res,2015-06-09,07:50:30,1433828938488,5,693014,86,green,green,green,1011,1,1,3
Sl_164_res,2015-06-09,07:50:31,1433828938488,5,694034,87,blue,blue,blue,1019,1,1,1
Sl_164_res,2015-06-09,07:50:32,1433828938488,5,695834,88,green,yellow,green,1799,1,0,2
Sl_164_res,2015-06-09,07:50:34,1433828938488,5,696996,89,red,red,red,1161,1,1,3
Sl_164_res,2015-06-09,07:50:35,1433828938488,5,698126,90,green,green,green,1129,1,1,1
Sl_164_res,2015-06-09,07:50:37,1433828938488,5,699402,91,red,blue,red,1275,1,0,2
Sl_164_res,2015-06-09,07:50:38,1433828938488,5,700567,92,green,yellow,green,1164,1,0,4
Sl_164_res,2015-06-09,07:50:39,1433828938488,5,701760,93,red,red,red,1192,1,1,3
Sl_164_res,2015-06-09,07:50:40,1433828938488,5,702740,94,yellow,yellow,yellow,979,1,1,1
Sl_164_res,2015-06-09,07:50:41,1433828938488,5,703864,95,blue,green,blue,1123,1,0,2
Sl_164_res,2015-06-09,07:50:42,1433828938488,5,705440,96,yellow,blue,yellow,1575,1,0,4
Sl_164_res,2015-06-09,07:50:44,1433828938488,5,706572,97,red,red,red,1131,1,1,3
Sl_164_res,2015-06-09,07:50:45,1433828938488,5,707616,98,yellow,blue,yellow,1043,1,0,2
Sl_164_res,2015-06-09,07:50:46,1433828938488,5,708700,99,red,red,red,1083,1,1,3
Sl_164_res,2015-06-09,07:50:47,1433828938488,5,709838,100,blue,yellow,blue,1137,1,0,2
Sl_164_res,2015-06-09,07:50:48,1433828938488,5,710668,101,green,green,green,830,1,1,3
Sl_164_res,2015-06-09,07:50:49,1433828938488,5,711632,102,blue,blue,blue,963,1,1,1
Sl_164_res,2015-06-09,07:50:50,1433828938488,5,712892,103,yellow,red,yellow,1259,1,0,2
Sl_164_res,2015-06-09,07:50:51,1433828938488,5,713850,104,green,yellow,green,957,1,0,4
Sl_164_res,2015-06-09,07:50:52,1433828938488,5,714902,105,red,red,red,1052,1,1,3
Sl_164_res,2015-06-09,07:50:53,1433828938488,5,715986,106,blue,green,green,1084,0,0,2
Sl_164_res,2015-06-09,07:50:54,1433828938488,5,716171,107,yellow,yellow,,185,0,1,3
