id,date,time,t0,order_of_test,time_start_battery,order_in_test,color,text,response,reaction_time,correct,congruent,stimuli_combination
Sl_203,2015-10-27,12:33:33,1445945613913,1,6994,1,red,blue,red,1311,1,0,
Sl_203,2015-10-27,12:33:35,1445945613913,1,7812,2,green,green,green,817,1,1,3
Sl_203,2015-10-27,12:33:36,1445945613913,1,8657,3,yellow,yellow,yellow,844,1,1,1
Sl_203,2015-10-27,12:33:36,1445945613913,1,9513,4,blue,green,blue,853,1,0,2
Sl_203,2015-10-27,12:33:37,1445945613913,1,10312,5,yellow,blue,yellow,798,1,0,4
Sl_203,2015-10-27,12:33:38,1445945613913,1,11112,6,blue,yellow,blue,799,1,0,4
Sl_203,2015-10-27,12:33:39,1445945613913,1,11804,7,yellow,blue,yellow,690,1,0,4
Sl_203,2015-10-27,12:33:40,1445945613913,1,12623,8,red,red,red,818,1,1,3
Sl_203,2015-10-27,12:33:40,1445945613913,1,13381,9,blue,blue,blue,756,1,1,1
Sl_203,2015-10-27,12:33:41,1445945613913,1,14175,10,red,yellow,red,793,1,0,2
Sl_203,2015-10-27,12:33:42,1445945613913,1,14840,11,blue,blue,blue,664,1,1,3
Sl_203,2015-10-27,12:33:43,1445945613913,1,15711,12,green,green,green,870,1,1,1
Sl_203,2015-10-27,12:33:43,1445945613913,1,16510,13,red,yellow,red,798,1,0,2
Sl_203,2015-10-27,12:33:44,1445945613913,1,17419,14,yellow,green,yellow,908,1,0,4
Sl_203,2015-10-27,12:33:45,1445945613913,1,18977,15,green,blue,green,1557,1,0,4
Sl_203,2015-10-27,12:33:47,1445945613913,1,19779,16,red,yellow,red,800,1,0,4
Sl_203,2015-10-27,12:33:48,1445945613913,1,20651,17,yellow,red,yellow,868,1,0,4
Sl_203,2015-10-27,12:33:48,1445945613913,1,21482,18,green,green,green,826,1,1,3
Sl_203,2015-10-27,12:33:49,1445945613913,1,22249,19,yellow,yellow,yellow,765,1,1,1
Sl_203,2015-10-27,12:33:50,1445945613913,1,23228,20,red,blue,red,978,1,0,2
Sl_203,2015-10-27,12:33:51,1445945613913,1,24361,21,blue,green,blue,1132,1,0,4
Sl_203,2015-10-27,12:33:52,1445945613913,1,25294,22,red,blue,red,933,1,0,4
Sl_203,2015-10-27,12:33:53,1445945613913,1,26045,23,yellow,yellow,yellow,750,1,1,3
Sl_203,2015-10-27,12:33:54,1445945613913,1,27244,24,blue,green,blue,1198,1,0,2
Sl_203,2015-10-27,12:33:55,1445945613913,1,28211,25,yellow,red,yellow,966,1,0,4
Sl_203,2015-10-27,12:33:56,1445945613913,1,28947,26,blue,yellow,blue,735,1,0,4
Sl_203,2015-10-27,12:33:57,1445945613913,1,29765,27,red,red,red,817,1,1,3
Sl_203,2015-10-27,12:33:57,1445945613913,1,30458,28,blue,blue,blue,692,1,1,1
Sl_203,2015-10-27,12:33:58,1445945613913,1,31313,29,green,yellow,green,854,1,0,2
Sl_203,2015-10-27,12:33:59,1445945613913,1,32374,30,blue,blue,blue,1060,1,1,3
Sl_203,2015-10-27,12:34:00,1445945613913,1,33215,31,yellow,yellow,yellow,839,1,1,1
Sl_203,2015-10-27,12:34:01,1445945613913,1,33798,32,blue,red,blue,581,1,0,2
Sl_203,2015-10-27,12:34:02,1445945613913,1,34514,33,red,blue,red,715,1,0,4
Sl_203,2015-10-27,12:34:02,1445945613913,1,35502,34,yellow,yellow,yellow,987,1,1,3
Sl_203,2015-10-27,12:34:03,1445945613913,1,36225,35,green,green,green,722,1,1,1
Sl_203,2015-10-27,12:34:04,1445945613913,1,37147,36,red,blue,red,921,1,0,2
Sl_203,2015-10-27,12:34:05,1445945613913,1,38030,37,yellow,yellow,yellow,882,1,1,3
Sl_203,2015-10-27,12:34:06,1445945613913,1,38811,38,blue,green,blue,780,1,0,2
Sl_203,2015-10-27,12:34:07,1445945613913,1,39631,39,yellow,yellow,yellow,819,1,1,3
Sl_203,2015-10-27,12:34:07,1445945613913,1,40830,40,red,red,red,1198,1,1,1
Sl_203,2015-10-27,12:34:09,1445945613913,1,42133,41,blue,yellow,blue,1303,1,0,2
Sl_203,2015-10-27,12:34:10,1445945613913,1,42922,42,yellow,green,yellow,788,1,0,4
Sl_203,2015-10-27,12:34:11,1445945613913,1,43846,43,red,yellow,red,923,1,0,4
Sl_203,2015-10-27,12:34:12,1445945613913,1,44812,44,blue,blue,blue,965,1,1,3
Sl_203,2015-10-27,12:34:13,1445945613913,1,45746,45,red,yellow,red,934,1,0,2
Sl_203,2015-10-27,12:34:13,1445945613913,1,46639,46,green,green,green,893,1,1,3
Sl_203,2015-10-27,12:34:14,1445945613913,1,47392,47,yellow,blue,yellow,753,1,0,2
Sl_203,2015-10-27,12:34:15,1445945613913,1,48818,48,blue,yellow,blue,1425,1,0,4
Sl_203,2015-10-27,12:34:17,1445945613913,1,50113,49,green,blue,green,1294,1,0,4
Sl_203,2015-10-27,12:34:18,1445945613913,1,50849,50,yellow,green,yellow,736,1,0,4
Sl_203,2015-10-27,12:34:19,1445945613913,1,51606,51,green,yellow,green,756,1,0,4
Sl_203,2015-10-27,12:34:19,1445945613913,1,52179,52,yellow,red,yellow,572,1,0,4
Sl_203,2015-10-27,12:34:20,1445945613913,1,52748,53,green,green,green,568,1,1,3
Sl_203,2015-10-27,12:34:20,1445945613913,1,53525,54,blue,blue,blue,777,1,1,1
Sl_203,2015-10-27,12:34:21,1445945613913,1,54349,55,yellow,red,yellow,823,1,0,2
Sl_203,2015-10-27,12:34:22,1445945613913,1,55083,56,green,green,green,733,1,1,3
Sl_203,2015-10-27,12:34:23,1445945613913,1,55842,57,yellow,yellow,yellow,757,1,1,1
Sl_203,2015-10-27,12:34:24,1445945613913,1,57117,58,blue,green,blue,1272,1,0,2
Sl_203,2015-10-27,12:34:25,1445945613913,1,57873,59,yellow,red,yellow,755,1,0,4
Sl_203,2015-10-27,12:34:26,1445945613913,1,58502,60,green,yellow,green,628,1,0,4
Sl_203,2015-10-27,12:34:26,1445945613913,1,59468,61,blue,blue,blue,965,1,1,3
Sl_203,2015-10-27,12:34:27,1445945613913,1,60256,62,yellow,yellow,yellow,787,1,1,1
Sl_203,2015-10-27,12:34:28,1445945613913,1,61219,63,green,blue,green,962,1,0,2
Sl_203,2015-10-27,12:34:29,1445945613913,1,61842,64,blue,green,blue,623,1,0,4
Sl_203,2015-10-27,12:34:30,1445945613913,1,62797,65,green,blue,green,954,1,0,4
Sl_203,2015-10-27,12:34:31,1445945613913,1,63666,66,red,red,red,868,1,1,3
Sl_203,2015-10-27,12:34:31,1445945613913,1,64535,67,yellow,yellow,yellow,868,1,1,1
Sl_203,2015-10-27,12:34:32,1445945613913,1,65565,68,blue,red,blue,1029,1,0,2
Sl_203,2015-10-27,12:34:33,1445945613913,1,66917,69,green,yellow,green,1352,1,0,4
Sl_203,2015-10-27,12:34:35,1445945613913,1,67847,70,red,blue,red,929,1,0,4
Sl_203,2015-10-27,12:34:36,1445945613913,1,68665,71,green,green,green,817,1,1,3
Sl_203,2015-10-27,12:34:36,1445945613913,1,69440,72,yellow,yellow,yellow,774,1,1,1
Sl_203,2015-10-27,12:34:37,1445945613913,1,70183,73,blue,red,blue,742,1,0,2
Sl_203,2015-10-27,12:34:38,1445945613913,1,71048,74,green,green,green,864,1,1,3
Sl_203,2015-10-27,12:34:39,1445945613913,1,72936,75,red,blue,red,1886,1,0,2
Sl_203,2015-10-27,12:34:41,1445945613913,1,74215,76,green,green,green,1279,1,1,3
Sl_203,2015-10-27,12:34:42,1445945613913,1,75501,77,blue,blue,blue,1286,1,1,1
Sl_203,2015-10-27,12:34:43,1445945613913,1,76310,78,yellow,green,yellow,808,1,0,2
Sl_203,2015-10-27,12:34:44,1445945613913,1,77534,79,blue,yellow,blue,1223,1,0,4
Sl_203,2015-10-27,12:34:45,1445945613913,1,78432,80,yellow,green,yellow,897,1,0,4
Sl_203,2015-10-27,12:34:46,1445945613913,1,79431,81,blue,yellow,blue,998,1,0,4
Sl_203,2015-10-27,12:34:47,1445945613913,1,80234,82,green,green,green,802,1,1,3
Sl_203,2015-10-27,12:34:48,1445945613913,1,81070,83,red,blue,red,835,1,0,2
Sl_203,2015-10-27,12:34:49,1445945613913,1,82421,84,yellow,yellow,yellow,1350,1,1,3
Sl_203,2015-10-27,12:34:50,1445945613913,1,83587,85,blue,blue,blue,1165,1,1,1
Sl_203,2015-10-27,12:34:51,1445945613913,1,84292,86,yellow,green,yellow,704,1,0,2
Sl_203,2015-10-27,12:34:52,1445945613913,1,84920,87,blue,red,blue,627,1,0,4
Sl_203,2015-10-27,12:34:53,1445945613913,1,85488,88,yellow,yellow,yellow,567,1,1,3
Sl_203,2015-10-27,12:34:53,1445945613913,1,86414,89,red,red,red,925,1,1,1
Sl_203,2015-10-27,12:34:54,1445945613913,1,87165,90,blue,yellow,blue,750,1,0,2
Sl_203,2015-10-27,12:34:55,1445945613913,1,88136,91,green,blue,green,969,1,0,4
Sl_203,2015-10-27,12:34:56,1445945613913,1,89074,92,blue,yellow,blue,937,1,0,4
Sl_203,2015-10-27,12:34:57,1445945613913,1,90683,93,red,blue,red,1608,1,0,4
Sl_203,2015-10-27,12:34:58,1445945613913,1,92200,94,green,green,green,1517,1,1,3
Sl_203,2015-10-27,12:35:00,1445945613913,1,92959,95,blue,blue,blue,759,1,1,1
Sl_203,2015-10-27,12:35:01,1445945613913,1,94090,96,green,yellow,green,1130,1,0,2
Sl_203,2015-10-27,12:35:02,1445945613913,1,94684,97,blue,red,blue,593,1,0,4
Sl_203,2015-10-27,12:35:02,1445945613913,1,95412,98,yellow,yellow,yellow,727,1,1,3
Sl_203,2015-10-27,12:35:03,1445945613913,1,96284,99,green,green,green,871,1,1,1
Sl_203,2015-10-27,12:35:04,1445945613913,1,97128,100,blue,yellow,blue,844,1,0,2
Sl_203,2015-10-27,12:35:05,1445945613913,1,97886,101,yellow,green,yellow,757,1,0,4
Sl_203,2015-10-27,12:35:06,1445945613913,1,98630,102,green,yellow,blue,743,0,0,4
Sl_203,2015-10-27,12:35:06,1445945613913,1,100603,103,blue,green,blue,1972,1,0,4
Sl_203,2015-10-27,12:35:08,1445945613913,1,101533,104,red,red,red,929,1,1,3
Sl_203,2015-10-27,12:35:09,1445945613913,1,102953,105,green,yellow,green,1419,1,0,2
Sl_203,2015-10-27,12:35:11,1445945613913,1,103884,106,blue,blue,blue,930,1,1,3
Sl_203,2015-10-27,12:35:12,1445945613913,1,104708,107,green,yellow,green,824,1,0,2
Sl_203,2015-10-27,12:35:12,1445945613913,1,105604,108,red,red,red,895,1,1,3
Sl_203,2015-10-27,12:35:13,1445945613913,1,106413,109,yellow,yellow,yellow,808,1,1,1
Sl_203,2015-10-27,12:35:14,1445945613913,1,107288,110,green,blue,green,874,1,0,2
Sl_203,2015-10-27,12:35:15,1445945613913,1,108656,111,red,red,red,1367,1,1,3
Sl_203,2015-10-27,12:35:16,1445945613913,1,109452,112,green,green,green,795,1,1,1
Sl_203,2015-10-27,12:35:17,1445945613913,1,110770,113,blue,yellow,blue,1317,1,0,2
Sl_203,2015-10-27,12:35:19,1445945613913,1,111952,114,green,green,green,1181,1,1,3
Sl_203,2015-10-27,12:35:20,1445945613913,1,112653,115,yellow,yellow,yellow,701,1,1,1
Sl_203,2015-10-27,12:35:20,1445945613913,1,113787,116,green,blue,green,1133,1,0,2
Sl_203,2015-10-27,12:35:22,1445945613913,1,114618,117,red,red,red,830,1,1,3
Sl_203,2015-10-27,12:35:22,1445945613913,1,115485,118,green,green,green,866,1,1,1
Sl_203,2015-10-27,12:35:23,1445945613913,1,116552,119,red,blue,red,1067,1,0,2
Sl_203,2015-10-27,12:35:24,1445945613913,1,117261,120,blue,green,blue,709,1,0,4
Sl_203,2015-10-27,12:35:25,1445945613913,1,118368,121,red,blue,red,1106,1,0,4
Sl_203,2015-10-27,12:35:26,1445945613913,1,118993,122,blue,yellow,blue,624,1,0,4
Sl_203,2015-10-27,12:35:27,1445945613913,1,119638,123,red,red,red,645,1,1,3
Sl_203,2015-10-27,12:35:27,1445945613913,1,120160,124,blue,blue,blue,521,1,1,1
Sl_203,2015-10-27,12:35:28,1445945613913,1,120884,125,yellow,green,yellow,723,1,0,2
Sl_203,2015-10-27,12:35:29,1445945613913,1,121638,126,blue,yellow,blue,753,1,0,4
Sl_203,2015-10-27,12:35:29,1445945613913,1,122488,127,green,green,green,849,1,1,3
Sl_203,2015-10-27,12:35:30,1445945613913,1,123365,128,red,red,red,876,1,1,1
Sl_203,2015-10-27,12:35:31,1445945613913,1,124182,129,blue,green,blue,816,1,0,2
Sl_203,2015-10-27,12:35:32,1445945613913,1,125286,130,yellow,blue,yellow,1103,1,0,4
Sl_203,2015-10-27,12:35:33,1445945613913,1,126107,131,red,red,,820,0,1,3
