id,date,time,t0,order_of_test,time_start_battery,order_in_test,base1,base2,answer_m,time_m,correct
SI_194,2015-11-01,23:06:41,1446415601278,4,448022,1,76,58,134,31477,1
SI_194,2015-11-01,23:07:12,1446415601278,4,455763,2,31,76,107,7741,1
SI_194,2015-11-01,23:07:20,1446415601278,4,468069,3,90,49,139,12306,1
SI_194,2015-11-01,23:07:32,1446415601278,4,485629,4,84,96,180,17560,1
SI_194,2015-11-01,23:07:50,1446415601278,4,489862,5,45,50,95,4233,1
SI_194,2015-11-01,23:07:54,1446415601278,4,501546,6,57,93,150,11684,1
SI_194,2015-11-01,23:08:06,1446415601278,4,507466,7,69,31,100,5920,1
SI_194,2015-11-01,23:08:12,1446415601278,4,522561,8,66,48,104,15095,0
SI_194,2015-11-01,23:08:27,1446415601278,4,536548,9,98,69,,13987,0
