RT_101_01.csv
RT_101_02.csv
RT_101_03.csv
RT_102_00.csv
RT_102_01.csv
RT_102_02.csv
RT_102_03.csv
RT_103_00.csv
RT_103_01.csv
RT_103_02.csv
RT_103_03.csv
RT_104_02.csv
RT_104_03.csv
RT_105_00.csv
RT_105_01.csv
RT_105_02.csv
RT_105_03.csv
RT_106_00.csv
RT_106_01.csv
RT_106_02.csv
RT_106_03.csv
RT_107_00.csv
RT_107_01.csv
RT_107_02.csv
RT_107_03.csv
RT_108_00.csv
RT_108_01.csv
RT_108_02.csv
RT_108_03.csv
RT_109_00.csv
RT_109_01.csv
RT_109_02.csv
RT_109_03.csv
RT_110_00.csv
RT_110_01.csv
RT_110_02.csv
RT_110_03.csv
RT_111_00.csv
RT_111_01.csv
RT_111_02.csv
RT_111_03.csv
RT_112_00.csv
RT_112_01.csv
RT_112_02.csv
RT_112_03.csv
RT_115_00.csv
RT_115_01.csv
RT_115_02.csv
RT_115_03.csv
RT_116_00.csv
RT_116_01.csv
RT_116_02.csv
RT_116_03.csv
RT_117_00.csv
RT_117_01.csv
RT_117_02.csv
RT_117_03.csv
RT_119_00.csv
RT_119_01.csv
RT_119_02.csv
RT_119_03.csv
RT_120_00.csv
RT_120_01.csv
RT_120_02.csv
RT_120_03.csv
RT_121_00.csv
RT_121_01.csv
RT_121_02.csv
RT_121_03.csv
RT_122_00.csv
RT_122_01.csv
RT_122_02.csv
RT_122_03.csv
RT_123_00.csv
RT_123_01.csv
RT_123_02.csv
RT_123_03.csv
RT_124_00.csv
RT_124_01.csv
RT_124_02.csv
RT_124_03.csv
RT_125_00.csv
RT_125_01.csv
RT_125_02.csv
RT_125_03.csv
RT_126_00.csv
RT_126_01.csv
RT_126_02.csv
RT_126_03.csv
RT_127_02.csv
RT_127_03.csv
RT_128_00.csv
RT_128_01.csv
RT_128_02.csv
RT_128_03.csv
RT_130_00.csv
RT_130_01.csv
RT_130_02.csv
RT_130_03.csv
RT_131_00.csv
RT_131_01.csv
RT_131_02.csv
RT_131_03.csv
RT_133_00.csv
RT_133_01.csv
RT_133_02.csv
RT_133_03.csv
RT_134_01.csv
RT_134_02.csv
RT_134_03.csv
RT_135_00.csv
RT_135_01.csv
RT_135_02.csv
RT_135_03.csv
RT_136_00.csv
RT_136_01.csv
RT_136_02.csv
RT_136_03.csv
RT_137_00.csv
RT_137_01.csv
RT_137_02.csv
RT_137_03.csv
RT_138_00.csv
RT_138_01.csv
RT_138_02.csv
RT_138_03.csv
RT_139_00.csv
RT_139_01.csv
RT_139_02.csv
RT_139_03.csv
RT_143_00.csv
RT_143_01.csv
RT_143_02.csv
RT_143_03.csv
RT_144_00.csv
RT_144_01.csv
RT_144_02.csv
RT_144_03.csv
RT_145_00.csv
RT_145_01.csv
RT_145_02.csv
RT_145_03.csv
RT_146_00.csv
RT_146_01.csv
RT_146_02.csv
RT_146_03.csv
RT_147_00.csv
RT_147_01.csv
RT_147_02.csv
RT_147_03.csv
RT_149_00.csv
RT_149_01.csv
RT_149_02.csv
RT_149_03.csv
RT_151_00.csv
RT_151_01.csv
RT_151_02.csv
RT_151_03.csv
RT_152_00.csv
RT_152_01.csv
RT_152_02.csv
RT_152_03.csv
RT_153_00.csv
RT_153_01.csv
RT_153_02.csv
RT_153_03.csv
RT_154_00.csv
RT_154_01.csv
RT_154_02.csv
RT_154_03.csv
RT_155_00.csv
RT_155_01.csv
RT_155_02.csv
RT_155_03.csv
RT_156_00.csv
RT_156_01.csv
RT_156_02.csv
RT_156_03.csv
RT_159_00.csv
RT_159_01.csv
RT_159_02.csv
RT_159_03.csv
RT_160_00.csv
RT_160_01.csv
RT_160_02.csv
RT_160_03.csv
RT_161_01.csv
RT_161_02.csv
RT_161_03.csv
RT_162_00.csv
RT_162_01.csv
RT_162_02.csv
RT_162_03.csv
RT_163_00.csv
RT_163_01.csv
RT_163_02.csv
RT_163_03.csv
RT_164_00.csv
RT_164_01.csv
RT_164_02.csv
RT_164_03.csv
RT_165_00.csv
RT_165_01.csv
RT_165_02.csv
RT_165_03.csv
RT_166_00.csv
RT_166_01.csv
RT_166_02.csv
RT_166_03.csv
RT_167_00.csv
RT_167_01.csv
RT_167_02.csv
RT_167_03.csv
RT_168_00.csv
RT_168_01.csv
RT_168_02.csv
RT_168_03.csv
RT_171_00.csv
RT_171_01.csv
RT_171_02.csv
RT_171_03.csv
RT_172_00.csv
RT_172_01.csv
RT_172_02.csv
RT_172_03.csv
RT_173_00.csv
RT_173_01.csv
RT_173_02.csv
RT_173_03.csv
RT_174_00.csv
RT_174_02.csv
RT_174_03.csv
RT_175_00.csv
RT_175_01.csv
RT_175_02.csv
RT_175_03.csv
RT_176_00.csv
RT_176_01.csv
RT_176_02.csv
RT_176_03.csv
RT_177_00.csv
RT_177_01.csv
RT_177_02.csv
RT_177_03.csv
RT_178_00.csv
RT_178_01.csv
RT_178_02.csv
RT_178_03.csv
RT_179_00.csv
RT_179_01.csv
RT_179_02.csv
RT_179_03.csv
RT_180_00.csv
RT_180_02.csv
RT_180_03.csv
RT_181_00.csv
RT_181_01.csv
RT_181_02.csv
RT_181_03.csv
RT_182_00.csv
RT_182_01.csv
RT_182_02.csv
RT_182_03.csv
RT_183_00.csv
RT_183_01.csv
RT_183_02.csv
RT_183_03.csv
RT_184_00.csv
RT_184_01.csv
RT_184_02.csv
RT_184_03.csv
RT_185_00.csv
RT_185_01.csv
RT_185_02.csv
RT_185_03.csv
RT_186_01.csv
RT_186_02.csv
RT_186_03.csv
RT_187_00.csv
RT_187_01.csv
RT_187_02.csv
RT_187_03.csv
RT_188_00.csv
RT_188_01.csv
RT_188_02.csv
RT_188_03.csv
RT_189_00.csv
RT_189_01.csv
RT_189_02.csv
RT_189_03.csv
RT_190_00.csv
RT_190_01.csv
RT_190_02.csv
RT_190_03.csv
RT_191_00.csv
RT_191_01.csv
RT_191_02.csv
RT_191_03.csv
RT_192_00.csv
RT_192_01.csv
RT_192_02.csv
RT_192_03.csv
RT_193_00.csv
RT_193_02.csv
RT_193_03.csv
RT_194_00.csv
RT_194_01.csv
RT_194_02.csv
RT_194_03.csv
RT_195_00.csv
RT_195_01.csv
RT_195_02.csv
RT_195_03.csv
RT_196_00.csv
RT_196_01.csv
RT_196_02.csv
RT_196_03.csv
RT_197_00.csv
RT_197_01.csv
RT_197_02.csv
RT_197_03.csv
RT_198_00.csv
RT_198_01.csv
RT_198_02.csv
RT_198_03.csv
RT_201_00.csv
RT_201_01.csv
RT_201_02.csv
RT_201_03.csv
RT_202_00.csv
RT_202_01.csv
RT_202_02.csv
RT_202_03.csv
RT_203_00.csv
RT_203_01.csv
RT_203_02.csv
RT_203_03.csv
RT_204_00.csv
RT_204_01.csv
RT_204_02.csv
RT_204_03.csv
RT_205_00.csv
RT_205_03.csv
RT_206_00.csv
RT_206_01.csv
RT_206_02.csv
RT_206_03.csv
RT_207_00.csv
RT_207_01.csv
RT_207_02.csv
RT_207_03.csv
RT_208_00.csv
RT_208_01.csv
RT_208_02.csv
RT_208_03.csv
RT_209_00.csv
RT_209_01.csv
RT_209_02.csv
RT_209_03.csv
RT_210_00.csv
RT_210_01.csv
RT_210_02.csv
RT_210_03.csv
RT_211_00.csv
RT_211_01.csv
RT_211_02.csv
RT_211_03.csv
RT_212_00.csv
RT_212_01.csv
RT_212_02.csv
RT_212_03.csv
RT_213_00.csv
RT_213_01.csv
RT_213_02.csv
RT_213_03.csv
RT_214_00.csv
RT_214_01.csv
RT_214_02.csv
RT_214_03.csv
RT_215_00.csv
RT_215_01.csv
RT_215_02.csv
RT_215_03.csv
RT_216_00.csv
RT_216_01.csv
RT_216_02.csv
RT_216_03.csv
RT_217_00.csv
RT_217_01.csv
RT_217_02.csv
RT_217_03.csv
RT_218_01.csv
RT_218_03.csv
RT_219_00.csv
RT_219_01.csv
RT_219_02.csv
RT_219_03.csv
RT_220_00.csv
RT_220_01.csv
RT_220_02.csv
RT_220_03.csv
RT_221_00.csv
RT_221_01.csv
RT_221_02.csv
RT_221_03.csv
RT_222_00.csv
RT_222_01.csv
RT_222_02.csv
RT_222_03.csv
RT_223_00.csv
RT_223_01.csv
RT_223_02.csv
RT_223_03.csv
RT_224_00.csv
RT_224_01.csv
RT_224_02.csv
RT_224_03.csv
RT_226_00.csv
RT_226_01.csv
RT_226_02.csv
RT_226_03.csv
RT_228_00.csv
RT_228_01.csv
RT_228_02.csv
RT_228_03.csv
RT_229_02.csv
RT_229_03.csv
RT_231_00.csv
RT_232_01.csv
RT_232_02.csv
RT_232_03.csv
RT_233_00.csv
RT_233_01.csv
RT_233_02.csv
RT_233_03.csv
RT_235_00.csv
RT_235_01.csv
RT_235_02.csv
RT_235_03.csv
RT_236_00.csv
RT_236_01.csv
RT_236_02.csv
RT_236_03.csv
RT_238_00.csv
RT_238_01.csv
RT_238_02.csv
RT_238_03.csv
RT_239_00.csv
RT_239_01.csv
RT_239_02.csv
RT_239_03.csv
RT_240_00.csv
RT_240_01.csv
RT_241_00.csv
RT_241_01.csv
RT_241_02.csv
RT_241_03.csv
RT_242_00.csv
RT_242_01.csv
RT_242_02.csv
RT_242_03.csv
RT_243_00.csv
RT_243_01.csv
RT_243_02.csv
RT_243_03.csv
RT_244_00.csv
RT_244_03.csv
RT_245_00.csv
RT_245_01.csv
RT_245_02.csv
RT_245_03.csv
RT_246_00.csv
RT_246_01.csv
RT_246_02.csv
RT_246_03.csv
RT_247_00.csv
RT_247_01.csv
RT_247_02.csv
RT_247_03.csv
RT_248_00.csv
RT_248_01.csv
RT_248_02.csv
RT_248_03.csv
RT_249_00.csv
RT_249_01.csv
RT_249_02.csv
RT_249_03.csv
RT_252_00.csv
RT_252_01.csv
RT_252_02.csv
RT_252_03.csv
RT_253_00.csv
RT_253_01.csv
RT_253_02.csv
RT_253_03.csv
RT_254_01.csv
RT_254_02.csv
RT_254_03.csv
RT_255_00.csv
RT_255_01.csv
RT_255_02.csv
RT_255_03.csv
RT_256_00.csv
RT_256_01.csv
RT_256_02.csv
RT_256_03.csv
RT_257_00.csv
RT_257_01.csv
RT_257_02.csv
RT_257_03.csv
RT_258_01.csv
RT_258_02.csv
RT_258_03.csv
RT_259_00.csv
RT_259_01.csv
RT_259_02.csv
RT_259_03.csv
RT_260_00.csv
RT_260_01.csv
RT_260_02.csv
RT_260_03.csv
RT_263_00.csv
RT_263_01.csv
RT_263_02.csv
RT_263_03.csv
RT_264_00.csv
RT_264_01.csv
RT_264_02.csv
RT_264_03.csv
RT_265_00.csv
RT_265_01.csv
RT_265_02.csv
RT_265_03.csv
RT_266_00.csv
RT_266_01.csv
RT_266_02.csv
RT_266_03.csv
RT_267_02.csv
RT_267_03.csv
RT_268_00.csv
RT_268_01.csv
RT_268_02.csv
RT_268_03.csv
RT_269_00.csv
RT_269_01.csv
RT_269_02.csv
RT_269_03.csv
RT_270_00.csv
RT_270_01.csv
RT_270_02.csv
RT_270_03.csv
RT_271_00.csv
RT_271_01.csv
RT_271_02.csv
RT_271_03.csv
RT_272_00.csv
RT_272_01.csv
RT_272_02.csv
RT_272_03.csv
RT_274_00.csv
RT_274_01.csv
RT_274_02.csv
RT_274_03.csv
RT_275_00.csv
RT_275_01.csv
RT_275_02.csv
RT_275_03.csv
RT_276_00.csv
RT_276_01.csv
RT_276_02.csv
RT_276_03.csv
RT_278_00.csv
RT_278_01.csv
RT_278_02.csv
RT_278_03.csv
RT_279_00.csv
RT_279_01.csv
RT_279_02.csv
RT_279_03.csv
RT_280_00.csv
RT_280_01.csv
RT_280_02.csv
RT_280_03.csv
RT_281_00.csv
RT_281_01.csv
RT_281_02.csv
RT_281_03.csv
RT_282_00.csv
RT_282_01.csv
RT_282_02.csv
RT_282_03.csv
RT_285_00.csv
RT_285_01.csv
RT_285_02.csv
RT_285_03.csv
RT_286_00.csv
RT_286_01.csv
RT_286_02.csv
RT_286_03.csv
RT_287_00.csv
RT_287_01.csv
RT_287_02.csv
RT_287_03.csv
RT_288_00.csv
RT_288_01.csv
RT_288_02.csv
RT_288_03.csv
RT_289_00.csv
RT_289_01.csv
RT_289_03.csv
RT_290_00.csv
RT_290_01.csv
RT_290_02.csv
RT_290_03.csv
RT_291_00.csv
RT_291_01.csv
RT_291_02.csv
RT_291_03.csv
RT_292_00.csv
RT_292_01.csv
RT_292_03.csv
RT_293_00.csv
RT_293_01.csv
RT_293_02.csv
RT_293_03.csv
RT_294_00.csv
RT_294_01.csv
RT_294_02.csv
RT_294_03.csv
RT_297_00.csv
RT_297_01.csv
RT_297_02.csv
RT_297_03.csv
RT_298_00.csv
RT_298_01.csv
RT_298_02.csv
RT_298_03.csv
RT_301_00.csv
RT_301_01.csv
RT_301_02.csv
RT_301_03.csv
RT_302_00.csv
RT_302_01.csv
RT_302_02.csv
RT_302_03.csv
RT_305_00.csv
RT_305_01.csv
RT_305_02.csv
RT_305_03.csv
RT_417_00.csv
RT_417_01.csv
RT_417_02.csv
RT_417_03.csv
RT_418_00.csv
RT_418_01.csv
RT_418_02.csv
RT_418_03.csv
RT_425_00.csv
RT_425_01.csv
RT_425_02.csv
RT_425_03.csv
RT_431_00.csv
RT_431_01.csv
RT_431_03.csv
RT_433_00.csv
RT_433_01.csv
RT_433_02.csv
RT_433_03.csv
RT_451_00.csv
RT_451_01.csv
RT_451_03.csv
RT_573_00.csv
RT_573_01.csv
RT_573_02.csv
RT_573_03.csv
RT_577_00.csv
RT_577_01.csv
RT_577_02.csv
RT_577_03.csv